  -1390.54138    
         500  -4.20770550    
        1000  -5.62600088    
        1500  -6.05542898    
        2000  -6.19725847    
        2500  -6.31151009    
        3000  -6.39030409    
        3500  -6.45727873    
        4000  -6.56759071    
        4500  -6.60304785    
        5000  -6.58334970    
        5500  -6.62274647    
        6000  -6.67790222    
        6500  -6.65820360    
        7000  -6.68578196    
        7500  -6.68972158    
        8000  -6.61880684    
        8500  -6.69760084    
        9000  -6.68972158    
        9500  -6.77639484    
       10000  -6.76851559    
       10500  -6.76851559    
       11000  -6.70154047    
       11500  -6.70942020    
       12000  -6.73305798    
       12500  -6.75275660    
       13000  -6.74093771    
       13500  -6.70154047    
       14000  -6.72517872    
       14500  -6.71729946    
       15000  -6.72911835    
       15500  -6.75669622    
       16000  -6.76851559    
       16500  -6.74093771    
       17000  -6.81579208    
       17500  -6.79215384    
       18000  -6.76063633    
       18500  -6.80791235    
       19000  -6.81185246    
       19500  -6.77639484    
       20000  -6.73699808    
 =======================================================
 n*, phi, GR1, GRL+, GRL-, p
  0.949999988      0.497418851       4.15334654      0.459299117       1.86878026       3.59712553    
 El numero  de parti­culas es         343
 El numero de parti­culas calculado es   1043.72363    
 =======================================================
 ==================================================
 La concentración reducida es   0.949999988    
 La longitud de la celda es de   7.12071371    
 Las partículas dentro de la caja son         343
 ==================================================
