  -2.56269288      0.814698637       1.50919521    
  -1.74839556     -0.406180382       3.26515508    
  -2.96330309       3.66021919       4.74761677    
  -3.82176447      -2.48559165      0.151892036    
  -2.58510613       2.33427668      -1.34501243    
  0.760253966       3.88424015       2.35298920    
 -0.132467821      -2.77453279      -4.17839050    
   3.66532683       2.51508117      -1.34466791    
  -1.22299945      -3.58474016      -4.16537428    
   4.14351368       2.78933334      -3.42795157    
 -0.101925701      -4.49385548       3.86821246    
  -2.46978903      -4.89147043      -1.19730711    
  0.188856900      -2.50866222       3.30299544    
  -4.85000753      -3.42344618      -2.53659749    
   4.25405025       1.21223533     -0.679509342    
  0.632598579       4.27459574      -3.28233171    
 -0.174709439       1.49651074       4.73923683    
  -2.16611576      0.522245884       4.96445322    
   1.14059496       4.52766037       1.96949291    
   2.08592153       3.28013325       4.88956261    
   2.40451026       2.99221253      0.841142297    
  -2.89898610       3.17063475       2.51198626    
  -8.38589668E-03  -3.33028150      -4.75191879    
 -0.718804240       4.55201626      -2.80287027    
  -1.93579781     -0.745543420      -3.00898671    
  -3.06216264       2.79373884      0.684300065    
   3.79329705     -0.708384573      -1.64994085    
  -4.25677347      -2.73454046       2.32975173    
  -1.26532865       2.60947442       4.35592890    
  0.881707430       4.34172726     -0.685639381    
   4.02157640       4.10522747      -1.46248627    
  -1.54546690      -2.20465994       3.74225593    
  -1.10267699      -4.37305212       1.06173539    
   2.09008765      -1.41526496       3.32901740    
 -0.681818604      -2.43861628      -1.90834951    
 -0.347194791      -1.82289517       2.54180932    
  0.482827395       4.09203100       3.17160463    
   1.30709565       2.27690434      -2.09091711    
  -1.44859934      -3.52542782       1.81246793    
  -2.79192209      -2.87899899       3.05697823    
  -4.01722002       3.14107561      0.635679543    
  -3.23768568       2.35385633      -4.74976778    
  -1.97607684      -3.22080612       4.58498716    
   4.13166237      -3.64483237      -4.43988943    
   4.41756773      -4.91620541       3.64555645    
   4.48735857     -0.218125790      -4.33489704    
  -2.18497348      -2.06428719       4.46994352    
 -0.731894672      -7.54325837E-02   2.87104440    
   3.33261108      -1.47706974      0.582196534    
   2.22021675      -3.56564450     -0.576415479    
  -2.27996063       4.55933046       1.96056259    
   3.74417067      -1.61109030      -1.27437973    
   2.28088546      -2.12495852      -2.17846823    
  -2.56510162      -4.32260609       4.25927448    
   1.68546641      -2.48616815       4.42990160    
  -2.68474245      -2.22237349      -1.97282994    
   2.98502612       1.24266446      0.648922026    
   4.61869526      -3.57988119       1.22059798    
  -1.95800161       2.73525810       4.27360106    
   2.67025423      -4.57953358       3.93713546    
   4.27928638       3.09562802     -0.370220333    
   1.60877430       4.47470188       3.37881875    
   1.62468767      -3.49739003     -0.625583351    
  -2.31776381       3.97636747      -3.65130997    
  -2.73542714       3.05163469E-02 -0.168499976    
  0.680419862       2.11059284       4.57357121    
   1.97938573       9.79461372E-02   1.38498569    
 -0.402253181       1.10715067       4.21500778    
  -4.02831268      0.875807047      -4.08235931    
  -4.56813478      0.576410353      -4.45871401    
 -0.803769052      -2.92161679       2.04557419    
   4.84947014       2.42274547       2.66053200    
  -1.39634061       1.37944365      -4.51452351    
   4.06834602       1.30853605       1.70092487    
   4.66489649       4.43038177      -2.38306642    
   1.81861365      -1.79977679      -2.74525833    
   2.30365109      -1.72036684      -1.25194275    
  -3.11322093       4.94983006      0.978694677    
  -4.72660875       3.51563263      -1.42374003    
  -2.64376593       4.57273436     -0.627796233    
  -2.78294897      -1.77459216       3.66539192    
   4.67613983      -2.27851748      -1.03904414    
  -1.42404091      -1.17150891       2.68606734    
  -1.27752256      -1.34688258      -1.71520627    
   4.22426844       1.75976264     -0.890596330    
  -2.10528469      -2.65332198      -4.50013542    
   4.63261557       1.55563366      -2.06386423    
  -2.02461529      -4.54258966      -1.86028361    
  -1.24259639     -0.768612862      -3.33924651    
  -3.70206952      -1.28785324       4.59094620    
  -1.06956494      -1.00848854      -4.23404789    
  -1.03237689       1.68671906       4.83128977    
   1.58824146      -2.13575125       2.63714457    
 -0.393580258      -3.27221799       2.51087141    
   2.44262624       4.13781738      -1.42555308    
  -2.54728746       2.90215921      -4.56117821    
  -2.03749228      -4.46201611      -2.98805308    
   3.97841883       4.93337345       3.10787010    
   4.75720072     -0.258290470       3.25569844    
   3.41329885      -4.88179636       4.05165482    
  -1.99122322      -4.61150122      0.697478652    
   4.37665176      -3.11022854      -3.84538317    
   1.67482221      -3.63619661       3.59180427    
   4.36118937      0.799534023      -2.10007048    
   1.00583041      0.223239943      -3.70824981    
   2.76467013      -4.99415874       4.52009058    
  -8.13233629E-02   1.08684599      -1.60500801    
   1.03410733      -3.09970140      -4.91113043    
  -2.46659517      0.200456157      -1.92110729    
   2.93691564      -2.76406646       2.26939201    
  -4.89155722      -1.03500378       1.09524410E-02
  -4.58898830      -3.34932637     -0.667167723    
  0.360500395      -2.82554102       2.31540704    
  -2.51758432      -3.81213641       3.64514470    
 -0.421427518       1.56563866      0.533459306    
 -0.786185920      -2.99190331      -3.16668868    
  0.941089630     -0.795598030      -3.99046946    
   4.04851961      -4.55077267      -2.86915588    
 -0.944299161     -0.466863573       4.50537109    
  -4.49551010     -0.242374107     -0.805786252    
   2.58155704      0.999321401      -3.98486090    
  -3.21816635      -3.11768055      -1.10642374    
  -3.58015752      -4.53169107      -3.65598011    
  -3.71650338      -2.76329422       3.28267622    
   3.12262964       2.34726691       1.52951455    
 -0.115352586     -0.590134263       3.76028299    
  0.730718970      -3.99740267      0.226418227    
   3.59309983       4.04331923      -2.16615891    
  -4.35702705       2.28652430       2.54995823    
   3.92712808     -0.760343373     -0.411634088    
  -4.07481861      -3.76151371      -4.60579729    
  -3.09163523       1.97455788      -2.22312617    
  -3.82355833       1.79891431      -1.35175550    
  -2.43311977       1.50330472      -2.84164262    
  -4.11367846      -1.69871151       3.19333768    
  -3.83731437       3.87563658      -4.70981359    
   4.85996199      0.752333045      0.340762526    
  -4.57025003     -0.370245248      -2.69444370    
  0.401984781      -1.17511809       2.60702205    
  -4.33385372      -4.81747580       3.02311087    
   2.00941873      -2.66092658       4.89790487    
 -0.213108391       4.82583189       2.85527682    
  -3.05247235      -3.47499871      -2.37857962    
  -2.03399944     -0.574592113       4.36728907    
   1.25719047     -0.231522918       1.02814770    
   2.22536325      -4.36307764       2.02038097    
 -0.601647973      -4.86779404      -4.37784863    
   4.90913057      -4.58396626       4.34425735    
  -1.47918510      -6.87984750E-02 -0.389150381    
   3.46703959     -0.586444557      0.138018370    
  -1.46812797      0.874562979       4.83950758    
  -4.05805159     -0.605991483       4.84553862    
  -4.23752451      -1.01448822      -1.21882689    
  -2.07942367       3.82974982     -0.467475742    
  -3.18146467       1.99002838       1.68882799    
   1.66263390       1.08404529     -0.913098752    
   3.18517256     -0.959430397      -3.63579845    
   3.75907826       4.07928562      -4.49809742    
   1.19814837      -4.85737324       1.26989126    
  -2.13496709      -4.90423870       4.71205759    
   1.30596399       1.92678273       1.17020130    
   2.20914626      -1.57882106       4.56719875    
   2.33240175     -0.688838363       4.98363876    
  -4.57598591       3.31611872       4.73928595    
   2.74250340       3.04698086      -2.43313551    
   3.39778066       4.47244930      -1.95443952    
 -0.737713814       1.59061146     -0.557060719    
   3.06577015      -1.09444475       1.47969615    
   2.95639920       1.28495061      -2.18295622    
   1.94879305      0.421547830       2.44354129    
  -3.00088501       2.51831079     -0.309329689    
  -3.73373866      -1.58712685      -3.44736767    
   3.79487801      0.706029177      -3.73606420    
   1.14192534E-03  -1.04275477      -1.69286931    
  0.979366302      -3.92750478       2.81689739    
   1.65175247       1.92036748     -0.959939420    
   2.38916516       4.50971222     -0.701495647    
  -1.88210297      -2.67129016      -2.95633030    
  -2.01453090      0.139913112      0.581218719    
  -1.09197783      -4.47879076      -3.51184940    
  0.598918915     -0.164766386       2.60160184    
   3.90672016      0.464206904      -5.35478070E-02
  -1.44134355     -0.671762764      -4.73721170    
  -2.77981019       4.43641806      -4.93296480    
  0.124482587       2.72669125      -2.43574679E-02
  -4.40830135      -3.24908876       4.06776762    
  -4.69424295      0.664629638       4.40918922    
  -2.01591778       1.07394314     -0.109282888    
   4.47618198      -3.96468496      -3.06018066    
  -3.73163795       4.49537802      -1.32547104    
  -1.47577870      -1.60709012     -0.762196422    
  0.758498490      -3.05456305      -2.75502706    
   3.16782784      -3.92249227      -3.63707137    
   7.39938673E-03   2.17093039       2.35851026    
  -4.23511887      0.392493367       4.72015619    
  -1.88285899       1.27404916      -3.69862461    
   2.12971735       3.31998491      -2.76480222    
  -3.99809194       2.02979302      -3.56436539    
  -3.80194902       2.62878776      -4.67579746    
  -3.60365248       4.95957232      0.763654411    
   2.62675047       4.79956341      -3.73516703    
   2.33556366      -4.32428837      -2.03197193    
   2.20477009      -4.50526905     -0.422329038    
  -3.03197217     -0.186172605      -1.92596316    
  -3.84965730       4.10761547     -0.683813155    
  -9.29915905E-02 -0.724470437      -1.64336812    
  -1.57566690      0.402298689       4.11038780    
  -6.21900782E-02  -2.64953095E-02  -2.55389166    
   3.70119572     -0.221024811      -3.09186602    
  -4.49992895       3.60483027      -3.24486923    
 -0.361100733       4.13400364       4.03959131    
  -1.12497342      0.331829965      -3.25034356    
 -0.117450550      -2.96915483      -2.72206378    
   3.73288321       4.93624210      -3.96523380    
  -3.32889104      -3.51184630       1.98268485    
  -1.66080868       4.07457876       3.02236199    
   2.74862599      0.859234035       3.85047317    
   4.36038446      -1.02652562       4.15951490    
  -1.41386259       4.76544046      -2.79478359    
  -2.67260480      -1.08911133       3.04903030    
   1.97185111       2.96716070      -1.73514068    
  -1.02535224       1.74685919       1.54801476    
  -4.61600637      -1.62775755      -1.68138671    
   1.34466863      -2.01107001      -4.05246544    
   3.33539176       4.00533438      -3.49129653    
   4.58282471      0.869763136      -2.58758044    
   1.51923990     -0.838513255      -2.09508443    
  -3.35211706       2.46890378       2.64983582    
  0.154886156      -4.21955204      -2.28476954    
  -4.90532255       2.68060994      -4.19564629    
   2.72426558      0.910495579      -1.56722748    
   2.26865053       1.76925302      -1.89675272    
  -4.91125774      -4.63092279     -0.390339196    
   4.25469112       2.28272510      0.847291112    
  -4.83416271      0.498888642      -3.55789304    
  -1.65304339      0.135713369      -3.88921976    
   4.04556131      0.386416405       3.48099756    
   1.87584817      -1.03313339       4.11071587    
  -4.77943850      -4.73356247      -2.53690696    
  0.769286275      0.380038708       2.28855562    
  -3.50709796      -3.87420630      -3.34494591    
   4.08689594      -1.18961036       3.63135457    
   2.22115612       4.71751404       3.55465126    
  -1.96252263       1.21463764       2.54637504    
   1.86982346       1.77267182      -4.35067415    
   5.33816367E-02  -3.25671577       4.64053249    
   3.44734454      0.376132786     -0.578613341    
 -0.791072607       4.57641315       3.78978038    
  -2.21553397       1.47388554      -2.13213754    
  -3.85254574       1.21391070      0.967694879    
  -1.36482680      -2.02018261      -2.52591324    
  -3.75224590      -3.68780160      -4.49382591    
  -3.67691469      0.401239902      -7.52968118E-02
   1.80830920      -3.03436351       3.37421203    
 -0.348118871       3.14001727       3.15187454    
   3.31583071       1.60300779      -1.26003218    
   2.65525937      -3.85291958       4.68755770    
  -2.71040606     -0.986653745      -2.29846025    
  -1.98923087       4.59462452      0.946185768    
  0.178757995       3.11340141       2.17041802    
   4.45922756      -4.85499573      -3.18611598    
  0.411869437      -3.23720694       1.66012979    
   4.00623226       4.10086346       2.56222034    
  -3.39582729      -4.12392712      -2.26294661    
  -2.45005035      -2.62047696       2.02164507    
  -2.81697798      -3.91604400      -3.92011590E-02
  0.650342941      -4.97875929       3.56074595    
   3.46513724       2.29999542       3.37754965    
   2.59836006      -1.77296042      0.391007185    
   1.49930012      0.804828644      -1.93888175    
  -1.35024083      -4.14414787      -4.88379478    
   2.95180607      -2.66381383      -2.87250638    
  -3.64533234     -0.125859946       3.91482854    
   3.91652226      -2.76219034      -3.96497297    
  -3.23267841      -4.69500875      -2.48507237    
  0.958561599     -0.344950169      -2.66980052    
   1.94832742       1.82423353       2.20045972    
  -2.75679517       1.81241751      -2.74914694    
  -3.11286998      -1.66535115      -1.92373383    
   3.71573758       3.59411621     -0.953178644    
   3.96107650      0.258738309       2.09051871    
  -4.44234896       4.24104786       4.02134562    
  -2.27018929       3.34781933      -1.81298375    
   4.39492464     -0.685264647      -2.28683829    
   1.41783488      -1.50717962      -2.23165560    
  -3.69108891       2.61699343       3.80190635    
   2.43659210      -3.47201777       4.98989248    
   1.71649468      -2.47764301      -1.46094239    
  -2.24033260      -2.34540915       3.58154750    
 -0.301512629      -1.47956443      -4.03094196    
  -2.03333211     -0.800657690      0.678434312    
   4.20334387      -1.11156547       2.63482380    
  -2.23982954       2.86969519      -2.97435474    
  -1.76483142       3.17076349       2.80209827    
  0.564826667      0.782394111      -1.41892874    
   4.04594803       1.99465716       3.03421307    
   1.69556689      -1.53502667      0.819820523    
 -0.565495074      0.207881421       5.09868003E-02
   2.87830091       2.24723983      -3.38570023    
   4.55558777       3.93381000       3.70560622    
   2.64617467      0.573548496       3.03234053    
  -4.49394846      0.998282015     -0.480096638    
  -4.04961872      0.348467141      -2.49037886    
   3.52958894      -4.28979349      0.995772362    
  -3.43935418     -0.221684247       4.80648041    
  -3.83575964       1.07194185       2.83402872    
   3.15033984       3.20298362      -4.99660206    
  -4.10942507       3.00415182      -3.30982232    
  0.566426873     -0.910605729       1.07648432    
  -3.08583140       3.14835238      -3.79032278    
   3.48470259      0.278161168      -4.41252661    
 -0.621877074      -2.20725679     -0.520086825    
   4.11436749       3.93050289     -0.570595384    
 -0.996818721       4.49410152       1.70366955    
   3.03846717      -4.35778522      -3.00511098    
   4.86777020      -2.36143446      -3.34086132    
   1.62655354       4.00024462      0.507961631    
   4.58325291      -2.97275138       2.87764931    
 -0.212045044       3.68691492     -0.893918931    
  -4.76536226       2.70266795       3.36480403    
  0.646075070      -2.06572628      -4.49588966    
  -4.04188299      -1.27998781      -2.58784199    
  -1.12194324      -1.75449812       4.76009750    
   1.42965245      -2.86028337      -1.78335190    
  -1.40401995      -4.41534042      -4.43582630    
  -3.29083371       4.47763872      -3.23951864    
   3.33307171      -2.80735493       3.19529366    
  -4.09905386      -4.99358320      -2.62315488    
  -3.12220979       9.12326127E-02   2.00367808    
   4.49810123      -4.17928839      0.484183341    
   1.51656663       2.00028968      -3.49838877    
   2.14492631       3.02431321       3.22991776    
   1.09789717       1.35892832      0.526880503    
  0.304489374      -3.76875019       4.06938601    
   1.94719696       2.99201345      -3.81908560    
   4.53898191       3.44033647       2.52761698    
  -1.25172520      -4.87563372      -1.65801311    
   4.89234209      -1.40724468      -1.87549865    
  -4.68515396       2.78617287     -0.518628836    
  -3.14096284       4.35892195E-02  -3.51361060    
   1.28800714     -0.702774107       3.13074064    
  -2.74997830     -0.986054659       4.67038727    
  -3.49366784     -0.626703560       3.18068385    
  -1.77754724      -4.02240753       2.10775661    
   4.21872044      -2.72459626      0.694597542    
   1.90873706       3.57909799      -3.43948555    
   3.68364191       1.40288460       3.73237991    
 -0.708282232      -2.07936668       1.36162496    
   3.53513479      0.287279218       3.28591847    
   4.15958548      0.200903445      -3.52583814    
  -2.59885573       1.90460479       2.99050450    
  -4.37192631      -2.15868998       3.28554201    
   2.32399178      -3.95638227      -4.69672823    
  -3.02771807      -4.11686707      -4.12170982    
 -0.714882374     -0.660938442      0.300685585    
 -0.561919689       2.09334111      -1.22325909    
   1.83192801      0.821740866      -1.26102996    
   2.60293531       3.55381441       1.58546889    
   3.65536022      -1.07665396       4.48711634    
  -1.00609887      -1.39591253       1.12533092    
   1.80722296     -0.958174706      -4.51645041    
   1.76536167       4.46607494     -0.377301753    
   4.17468596       3.93793702       4.94209480    
  -2.18310046       1.92093265      0.270550013    
   1.41219401       2.49034429      0.154486746    
  -2.02547312       1.67881306E-02  -2.42701650    
   2.49239445       3.08382082      -2.27340126    
   4.52422953       3.12308788       4.08917141    
  -2.70151496       4.52716398      -2.28485870    
  0.376031458     -0.239995003      -4.67851162    
  0.373108089       4.55585241       3.52719951    
  -1.23253989       3.55973482      -3.98977399    
   1.03161263      -3.31368399       3.82215428    
  -1.75111651      -4.39857197      -2.71034837    
  0.229278937      -1.34595633      -1.02844119    
  -4.51014423       4.60725212       3.68440413    
  -1.54241192       4.30921459      -1.49308908    
  -3.60126567       3.00788927      -1.62840474    
  -3.85227919      0.293786228       1.42909920    
   1.39041078       3.87008977       1.16116989    
  -2.15685439      -3.64732242      -2.04782176    
  -1.64572108      0.127864197       1.85364830    
   2.51886964     -0.704683244      -3.51323509    
   2.33958554       1.05410171      -3.72873020    
  -2.11846137      -4.54802656      -3.85771799    
   3.33400321      -3.98378658       1.67056668    
  -1.45466232      -3.47407246      -1.98871183    
  0.839617610      -4.61440468     -0.861779511    
  -3.68491173      -2.31473279       2.05623436    
  -2.82384944      -2.35947180      -3.26434255    
  -3.29755950     -0.136821643     -0.805462897    
  -8.18329006E-02  -1.27007890      0.417814881    
  -1.42502642       1.77727175       1.31702077    
   2.08477998      0.560260355      0.405557930    
 -0.743862510       3.39182067      -3.31223011    
  -3.57950830       3.73164272       3.59750724    
 -0.340085834       2.01684546      -3.38354111    
 -0.661768079     -0.991887510      -4.69951439    
   1.08206964     -0.374349147      -1.37289476    
   2.74153638       3.93969488     -0.367213517    
   3.57015586       3.20066667       2.96497965    
  0.679924011       1.97502983       3.38686562    
  -4.48446274      -4.76508427     -0.625090361    
 -0.363706976       2.83268285       4.44665527    
  -4.90893030       1.38059938      -1.87688136    
   1.43613982      -1.50132394       1.07982600    
  -2.55593944      -1.20072579     -0.590660155    
   4.21823406      0.101147987       4.54149008    
  0.911144972     -0.506382763       4.17788506    
   1.17015386       1.64406610       4.48728991    
   1.35198736      -4.54721975      0.520438373    
 -0.435473889      -3.84599900       1.68580794    
   1.89767945       4.53160524       3.61844325    
  -4.37120104       3.43615174     -0.431693554    
  -3.92099810      -4.45575142       1.42941177    
   2.56084371      -2.62241173       1.27042806    
  -1.43303573       2.59199643      -4.81329584    
   1.15493834      0.899557769     -0.544530749    
  -3.85604548     -0.292748123      -4.30222511    
   3.91424417      -3.13001418      -3.37160301    
  -4.79840231      -2.55526471      -1.64952338    
   2.91859913      -3.38574576      0.280269504    
  -4.66846466       1.52132297       3.95496321    
  -4.52506208      -4.72329330      0.885678113    
   3.65461898       2.29439878       2.10999632    
  -2.65607500      0.430756688      -3.25018549    
  0.705970466      -4.45925474       4.25498486    
  -1.86592925       2.17415285      0.400675803    
  -2.73277020     -0.541498423      -1.12208724    
  -1.87281835      0.874655128      -4.17048168    
  -2.45853829       4.23078680       3.29112124    
  -1.44018364       3.33437991      0.183463320    
  -2.79632425      -4.37674952     -0.109286755    
   3.10823894     -0.100512192      -1.68955266    
  -2.96457362       1.02707934      0.727961242    
   1.45136917       2.10838294       3.24279666    
   1.25232244       4.55634117      -3.92581654    
   1.03143728       4.57041502       4.05141401    
   1.32450342      -3.15400648       2.49352717    
  -4.52563763       3.81921864       1.51033807    
   4.26587915       1.14096069      -3.12023544    
   3.66121340       4.73027277     -0.204442352    
   3.38615298      -1.59534681     -0.843031526    
  -3.84156704       3.57684183       2.34509397    
  -3.82880139       1.17553115      -2.44352627    
  -2.19625616      -3.73727608      0.882089615    
   1.30919361       3.38149810      -1.81776166    
  -2.11722493       4.99335575     -0.102856494    
   1.72491467      0.248501450       4.96387339    
   3.84049106      -2.09501052      0.239455506    
  0.291211784       4.76272583       2.11530852    
  0.190704718     -0.651228726      -3.36609745    
  -4.52676725       4.98430061      -4.06502724    
   1.08184898      0.985613942       1.55646539    
  -3.70326924      -4.64358377       4.34369516    
  -1.00827694       3.37008953       2.09145689    
   2.14446592       4.68992710      -2.37375236    
 -0.501475871      -2.11699629      -1.57738113    
  -2.84062481      -3.66216230      -3.12165332    
  -4.87491131      -4.38339376      -3.32898378    
  -4.59837198      -2.71288800       4.81918764    
  -3.80575109      -3.04286313      -2.92783880    
   2.98108959       4.59217167      -2.25201535    
   1.12907588      -2.95803928      -3.67896605    
   4.73636436     -0.638044059       1.56641209    
  -2.14670968       2.93944025       1.41442001    
   3.04830647      -1.81250679       4.54672575    
   1.00826609       1.94594741      -4.23602152    
   2.97037244     -0.448245972      -2.25588489    
  -2.61661506       2.65620661       3.41682625    
  -2.29909444      -3.54779387      -1.80982113    
  -3.02025437      -4.86219501       2.49643826    
   3.48546958      -3.87979198       3.01112700    
   2.77003503      -3.44524455       3.05621648    
   1.03785264      -4.55370569       2.77627277    
  -4.13582802      -3.84076357      -1.32423961    
  0.735111356       2.05354190     -0.569340110    
  -4.05389595       3.66198659      -4.80093670    
   1.04114676      -2.32909942     -0.630643368    
  -1.77859998      -1.78613651       2.67224360    
   1.04577518       3.25743723       2.01273322    
   3.12447453      -2.75665975      0.924591959    
  0.501367092     -0.499983609      -2.36465335    
  -1.92317796     -0.414394796      -3.58163190    
  -3.60261846       3.03298211      0.581745565    
   2.32652545      -1.89506769       1.50758386    
  -3.85807371      0.620475531      -2.53023338    
 -0.740842342       1.10622954      -1.81121802    
   4.40693951     -0.407333076      0.402629554    
  -1.09463000     -0.518561482     -0.544962466    
  -4.03319693     -0.504476368       2.42773461    
   3.83243060      0.374930263       2.98874044    
   3.12402177      -2.38648510       4.11248159    
  -2.98524952      -2.85136795       4.40736103    
  0.318821460       2.67621279      -2.24885249    
  -4.58281708       1.06226087       2.16353250    
  -1.10931706       2.67849922       2.32161880    
   1.73403299      -3.92229080      -3.70017862    
  -1.24860418       4.01766539     -0.615700066    
 -0.392670900      -4.19675350      -3.43790555    
  -3.17637515      -2.70465398      -1.39771485    
   4.43343258      -3.73684072     -0.758656383    
   2.55786347       2.85142636       2.40547943    
  -1.20255828      0.555668652      -1.47957027    
   1.10178590       4.56153917      -1.76085222    
  -4.88778687      0.231094822     -0.528300941    
  -4.96281815       4.68068266      -1.03362525    
   3.35917473       2.03446746      -4.35932446    
 -0.905393779       3.06920552       3.64622235    
   3.35101819      -1.68577611      -4.69180059    
  -2.06440258       4.79102230       1.00261903    
  -3.35969353       2.20738506      -3.21947622    
   1.86600375      -2.91143203       2.58245039    
   4.75574589      -2.01207209       4.80235767    
   4.46191978     -0.296908230      -4.06259727    
   4.56843138      0.118816398      -1.35051560    
  -2.66107273       1.08037031       4.49069166    
  0.990490258      -2.01846313       2.38573885    
   4.34167862       4.85827827      0.503666759    
   2.94392538      -1.52333509E-02   2.25203061    
 -0.936164856     -0.610500038       1.11547220    
  0.495952845       4.37809563      -2.76957965    
 -0.340806633      -1.80271053       4.97175837    
   3.86610770      -1.92120874       3.71031237    
  -2.42647529      -2.81024170     -0.202361211    
   4.17177773      -3.63963366     -0.157400072    
 -0.715315104      -3.94386363       4.11048460    
   1.90145218     -0.454955995       2.18122220    
   1.16024327      -2.18216705       3.64266896    
 -0.562517285      -1.69757809E-02  -4.24065208    
  -4.29420757       4.16405296      -2.67477799E-03
  -2.58636355      -3.92151809      -4.57517576    
  0.696495831      -1.99471235     -0.249339789    
   4.30114365      0.713094115      0.952598274    
   2.65874577      0.114956245      -2.68332958    
   3.64404246E-02  -3.37579513     -0.489832580    
   4.81784582       2.41471767       2.44120502    
  -2.97396016       2.54609370      -2.02357054    
  -2.34041882       4.54014015      -2.81097245    
  0.959018350       2.42584276      -4.30651999    
   4.22771645       4.93493223     -0.597589850    
   1.55038583      -4.20306492      -2.50354362    
   4.37951660       2.89406061     -0.802868962    
   4.65497446       2.27367949      -2.83297420    
   2.85031128       3.56723475      0.602216482    
 -0.645446658     -0.798970580      -1.15011716    
   2.90719390       3.74894643      -3.43178439    
  -1.69609368      -1.93407714      -4.63829803    
 -0.723648250      -4.47391510      -1.15337908    
   4.08367109      -1.46975303      -2.98596382    
  0.202010736      -2.19707274       4.24607372    
  -3.49146223       2.13925672     -0.160906211    
  -4.01935387      -4.80698061      -1.09491813    
  -3.65582180      0.304630220      0.887156546    
   1.88150704      -1.67493677       2.03260016    
  -2.19915247       3.70433474       2.06333780    
   4.15276718       3.03738213      -2.94579005    
   4.23749256      -3.34871221       3.77812791    
  -1.69518816       2.99889803      -4.65734339    
  0.490988195       4.06566000      0.740267754    
  -4.55924082      -1.08794773       4.23404598    
  -2.29099298      -1.92560756      -3.46061945    
   3.15692472       4.76945305       2.82544041    
   2.97815204       4.82606602      0.945715904    
  -2.54228616      -3.71358609      -1.04703319    
   2.94871283      -4.78090715      -1.32169926    
  -4.59169292      -3.78272152      -2.09480739    
   2.63259435       2.05739093       4.00383997    
  0.680731237      -2.10869002      -1.51701784    
  -1.67982852      -2.06604862      -3.87164259    
  -1.39433467      -1.46831977       4.16641808    
   3.47979903      -1.51314199      -2.12676263    
  0.976587415      -3.59558225      -4.02956438    
  0.859465957       2.83117366      -4.02597523    
   4.15454912      -3.89246702       3.84982896    
  -3.34946103E-02  -3.26412678       4.98867321    
   1.75594664       1.80353200      -2.85022044    
  -2.54899359      -3.40651774       1.20633972    
   9.41025913E-02  -2.28497243       2.30475712    
   4.04561996      -1.11737227      -4.78044987    
  -3.80557346      -2.13864017      -3.71804237    
   2.52913642       4.86298609       1.95281744    
   3.00455570     -0.352202535      -4.73083782    
   1.91650784     -0.974328518       6.61448315E-02
   1.31573427      -3.81135106      -1.48975599    
   2.81354427       4.35624886       1.71864891    
   1.63972750E-02  -2.30039573      0.553439617    
 -0.219900027       2.82396293       1.04622662    
  -2.80876708       1.84027648       4.27627850    
  0.613078833      -4.01670313       1.13685036    
  -2.69776511       3.06063676       4.22266912    
  -2.33986235       1.64582217      -4.67148685    
   3.63841319       3.59816766       2.14023781    
   1.74219322       1.54872680       3.81805921    
  -4.50121069       4.76812363      -1.83635044    
  -4.27362585      0.584868729       3.15570498    
  -1.25623918       3.74775696       4.91651917    
  0.238488838      -4.65797091      0.575390279    
   3.68705153      -4.86723042      -1.88057864    
   2.18215275       4.02614027E-02  -4.23220634    
  -2.74220681       2.36615157       1.17061865    
  -1.30790341       4.32533932      -2.11284709    
  0.895694196       1.63921320      -1.97987723    
  -3.91330433      -1.74057901       4.95425749    
  -4.46475363      -3.42728519       2.60895085    
  0.677988529       8.33854154E-02  -2.22576618    
   2.04845119       4.35668993      -4.39852381    
   1.80728126      0.386430562       4.01812792    
  -4.48321533      -4.54370451      0.946563959    
  -4.89982033      -3.91169214      -4.86208487    
  0.550055861      -1.71142888       3.93485618    
   4.73601007       2.13826442       4.87798071    
 -0.642291248       3.05755782       4.67255449    
   2.74430656      -3.41100287      -2.27940774    
   4.76962519      -2.14002371     -0.256133199    
  0.637575626       3.51931524      -2.07569551    
  -1.01166105      -4.06289577      -2.29088807    
   2.96020770      0.281855285      0.789223433    
  -4.55668354       4.08426762      -3.62218690    
  -2.65905428       3.47039962      -2.59042048    
   1.27529740       2.63744903       2.87079120    
  0.481163412      -1.70025063      -3.95685148    
  -2.92715907      -3.20979357       4.61883116    
  0.711712539      -3.51160502     -0.955513060    
   3.35059118      -4.47479439      -2.25116348    
  -2.42624998     -0.193189725      -4.25933790    
  -1.47808230       3.03445983       1.19365931    
  0.407909036     -0.889788091       2.87799907    
   2.98344254      -3.96752024       3.46081424    
  -1.30285859       1.72997022      -2.62789655    
  -3.14481401      0.635883212      -4.84349585    
   1.57083273      -2.74939394      -3.92580676    
  -1.53420031      -4.17282009      -3.28127241    
   2.06298542     -0.371566385      -3.39450026    
   2.55415177       1.33416748       1.69784045    
  -2.25180745      -2.92599702      -2.59243917    
  -1.18723202      -2.80140448       1.42509186    
  -3.23196959      -3.33336401      0.233653083    
   3.28195095       3.29135871     -0.403952569    
  0.337429345      -4.67326880       2.20726299    
   4.57353020       4.29613972      -3.23735118    
  0.718174636       2.81968141       1.28068149    
  -3.79221582       4.35305023       3.51772094    
 -0.327283978       3.73215747       1.59859276    
   3.36714077      -3.63794994      -4.38434362    
   4.77680635      -1.60530710       1.21821141    
  -2.69209003      -1.82199848       2.11439085    
   4.35301256      -2.40631294      -1.09054792    
  -1.42926753      -3.33997154     -0.510558367    
   4.25405073       3.14645004      0.378495425    
 -0.506525159      -1.11968827     -0.290823996    
  0.658560753       1.76593232       2.47471905    
   2.96936798      -1.82143903      0.390519977    
  -4.87105227       8.87711495E-02  -4.64575815    
   3.54333258       4.89938068      -3.51615024    
   2.08449173      -2.86061049      -3.77171135    
  -4.57794142      -2.27975965      -4.18833971    
  0.333529115       4.03607988      -3.62566970E-02
   3.45077920      -3.49586177      -1.08653522    
   1.35283530      -2.38625240       1.30920017    
   4.04513216      -3.48843694       4.61617851    
 -0.523077965       4.17655373      0.549576223    
   4.74439907       1.19096959       2.39188910    
 -0.213225082      -4.04899740      -4.22266531    
  -3.54733419       4.27997923      -1.08804107    
   4.03051424       4.98101044       4.88072681    
  -3.59274554      -2.52593470       4.26765347    
   2.92915273       3.75006652      -1.20729089    
  -1.47548938      -1.14247668      -3.20884299    
   2.73900294      -1.18168688      -3.09068370    
  -1.90652454       1.88910472     -0.675084352    
  -7.29439259E-02   2.11038637       1.61933982    
  -1.72315896      0.932703793       3.78843188    
   3.25173998       2.12778044      0.562191367    
  -1.27628720      -2.97485089       2.56403446    
  -3.82388926      -3.31645441      0.917247415    
  0.477400512      -1.54798222       4.97680855    
  -3.42079043       1.28532183       4.16804981    
   4.25992537      -4.29788971      -1.81125998    
  0.601086318       4.36942863     -0.725496054    
   2.59817767       2.19800258      -2.71796036    
   3.42491412      -2.66177678      -3.07263494    
  -3.10229135     -0.712097883      -2.21857142    
   1.35823464      0.502753973       2.64109111    
  0.541168034      -4.45512676      -1.92587090    
   1.42169058      -3.52461267       4.68175936    
  -1.87804282      0.554074466      0.671816826    
   2.68973231      -1.58504403       2.50974274    
   4.67541075       1.56028128      -4.62088013    
  -2.65112948      0.409564406       1.82219636    
  0.180006921       3.26631808      0.681141019    
   1.24516487      0.594495177      0.128991038    
   2.44403183E-02  -3.27201247      -1.66308200    
  0.939055741      -1.45772159     -0.128984600    
   2.19787741       3.06718826      0.142096579    
   2.90281200       1.30654895       2.87797618    
   4.19907284      0.271329284      -1.22255766    
 -0.672196388      -1.29026484       1.82152367    
   2.89390349       3.26574254       3.01028061    
   1.73031080      0.114399530       3.31162477    
  -4.49287605       2.19312954       1.88471329    
   3.65252137       3.24074936       1.26337433    
  -2.08475089       2.23939347      -4.65105867    
  -1.25022566       1.19111025       4.13776255    
  -1.06935740      0.314353079       3.14124346    
   3.28317308       1.13358104      -2.77349496    
 -0.722395420      0.541370451       1.92024171    
   4.10648727       2.60336637       1.00187433    
   2.51602411      -1.78920293      -3.76806283    
   1.89223754      -3.90064573       1.51854265    
  -3.36449504      -2.56757808       1.79237473    
 -0.603278100      -2.04640698     -0.263236403    
   2.65490198       2.96765184      -4.39802122    
  -4.96355772      -4.91533613       2.74724245    
  -1.05997574      -1.78700686      -3.66540122    
   1.43127215       4.77973366       4.54371595    
 -0.701958656       1.03642595       1.40802646    
  -1.17474651      0.142279282      -2.38246894    
  -1.71744776      -3.96481419       3.58923721    
  -4.65200901       2.53208303      -3.98299909    
  0.252185315      0.753409445     -0.254610121    
 -0.715924263      -4.25411987       1.93988395    
  -4.04712915      -2.45731425      0.992485762    
   2.13540745       4.22522640      -2.56404829    
  -2.74003649      -3.44054890       2.59405637    
  0.307850391       1.35598147       2.90096855    
  -1.15480793      -1.83184731      0.313459963    
  -2.09419322      -1.36370730       1.60011411    
   1.68169594      0.649543703      -2.71773076    
 -0.775246799       4.72269821       2.26121473    
  -2.42770791      -4.41756296       2.66668844    
 -0.588069558     -0.151461810      -2.29858184    
   4.53471088       3.97329664       3.05553699    
   2.29119825       4.79382086      -3.77009940    
 -0.898168325      0.417279810      -1.18039012    
  -1.43367124       4.94386196      -4.31334925    
  0.999614000      -2.42591500       1.56608987    
  -3.11891747       4.55115080       2.26463580    
  -3.52342749      -2.84238172      -1.85724378    
  -1.33372939      -3.34241533      0.458292782    
  -1.46797991      -3.79949284      0.112342104    
   4.75242329       2.84550309       3.72690248    
   3.03051710       1.68102086       1.92255366    
   2.06153870       4.40088654       2.79887629    
  -3.34644055       2.72489929       2.55393434    
  -1.80374646       1.68513322       1.73877966    
  -4.68067789       4.61587191       2.65947914    
  -2.73890328      -1.06950831       1.87264204    
  -4.54035616      -3.62492394       3.81329155    
  -3.12502789       1.35584879       2.11569977    
  -3.87090063      -2.11868143       4.55448818    
   4.00623894       1.64494801      -2.50230241    
  0.446730614      0.381945878      0.777723968    
   2.82418966      -3.27186394      -3.91259694    
   4.37901640      -3.38842988      -1.68706179    
   1.07835352      -2.81321049      -4.70353270    
  -1.39261258      0.639732718      -4.57202148    
  -4.54618645      0.465018749      -1.48993874    
  -2.75692463       4.85821676       3.66107607    
   4.53482008     -0.128915384      0.679825902    
  -4.88852024      -2.47051454      0.958547413    
 -0.332369030      -4.88740396      -2.89933443    
  -2.76378846       4.59242344      -3.94718814    
  -2.47750831       3.38420463      -3.93835807    
   2.15617657     -0.704813242      -2.68679667    
   1.32897246      -1.38135374      -3.07848454    
  -4.29577351       1.49940324      -3.36965418    
  0.136320174      -3.35023999      0.266972214    
  -4.12858772      -1.47259963      -3.13399291    
   1.01238787       2.63575792      0.442442149    
   2.66448975      -1.13796496       2.72876477    
  -4.95157576       1.27808428      -3.43091846    
   3.71530771       3.18293166       3.32216430    
  0.440528274       1.03686965       4.50238323    
  -2.93121791       3.83056283       3.28157783    
   4.40786648      -1.62396002      0.164458334    
   4.81487560       4.29893732     -0.265421599    
   1.14503765       1.68060923      -2.06156540    
  -4.24731588     -0.849613905      -3.55904770    
  -1.99963403       2.44930434      -3.69419241    
   4.43865156     -0.213788763       3.99338818    
   3.34032249       1.01324725       4.96523476    
   2.79545474       2.33315611       4.48328400    
   4.45162725       3.02058172       1.44211125    
  -4.52972364      -1.26232457       3.01416183    
  -1.92015040       2.39716411      -3.09276342    
  -4.86822271      -1.02127385       4.78074932    
  -4.48520231       2.50857949       4.14920759    
   4.89141846       3.80647588      -2.13008332    
  -2.82417727       1.82155299      -3.90830374    
   3.65413809       2.28823638       5.80164418E-02
  -1.15063751       1.29024446       2.57937956    
  -2.03749466       1.40764844      0.933717549    
  0.145331427       2.46992755       3.21166253    
   2.02154922      -4.57078505      -1.57574964    
   4.98010874       3.21488714      -4.16959476    
  -4.96305704      -3.66886282      -3.83054519    
   3.18331385      0.755885720       3.93722630    
   3.13922262       4.63016939       2.64081168    
   3.31408668      -2.42796540       1.58815074    
 -0.975206554      -4.36689281       3.29083180    
   3.64308143      -2.00879049       1.35473931    
  -4.15160179       3.22873497      -2.24175310    
  -4.22435522      -2.26184893      -2.36986828    
   1.48585832      -1.05028152       2.52862716    
  -3.01408219      -3.86687374      -3.09629464    
  -2.03641391      0.270828843      -1.52792323    
  0.327210963       4.12829590      -4.97011185    
   1.84944308       1.54717302       3.13244152    
   2.87294459       1.59002173      -2.90340090    
   3.99196768       4.57749557       4.08085155    
   1.05702770       3.25595093       1.60839999    
  -4.31503391     -0.886088490       1.25707042    
   4.95576429      -4.49528074       4.99551249    
   4.38681650      -4.11783552      0.438118458    
  -4.01292229     -0.112100400       1.18534112    
 -0.701241314      -3.06841397      0.664908946    
   2.91251373      -2.94888639       4.97734022    
  -3.90863132       2.85780549       1.34641027    
  -2.79290175      -2.14678645      0.648512363    
  -1.55238521      -3.05679679      -3.50077176    
   1.49247122     -0.848558187     -0.382187903    
   2.06067777      -2.88467050      -3.27609348    
  -4.68184090       1.50058663     -0.370412916    
  -2.22590280      -3.13454890       1.21512759    
  -4.26713371      -1.95549405       2.44856668    
   2.33936119     -0.273716897       3.74773169    
   2.85673094      -3.26759076      0.124188624    
  -3.44066548       3.36795187       3.80171132    
  0.474469244      -3.97966695      -3.04403114    
   3.88900948      -2.80745697     -0.695793629    
  -1.85432994      -4.81148672       1.76644373    
   3.18668222     -0.444187135      -4.63115597    
 -0.235136151       1.67806828      -2.09361005    
 -0.275805384      -4.53298855      -6.76840246E-02
  -3.69192481      -3.80365252       2.55250454    
   3.67039299       3.22244453      -2.36572909    
   2.33231688      -4.96772528       1.30283964    
  -3.56034613      -4.93336868      -2.24007702    
  -3.79319525       3.42834044      -1.27269292    
  -3.42879272       1.26709664       2.36123681    
  -1.08209348       4.78280401      0.306229770    
   1.32025087      -4.40912676      -3.00263309    
   4.66072083      -2.95326734      -4.60257673    
   2.18844795       1.55247152     -0.124520138    
   2.81541681     -0.739021778       1.67992210    
   2.13643026      -2.05090308      -4.07442823E-02
   3.49309301      -4.53123140     -0.751341999    
 -0.560807705      -3.87840843       3.84609985    
   4.04386371E-02   3.84305263      -1.31901324    
   3.34618044      -3.78784108       1.63636041    
  -4.89719057       4.58581448      -4.43017435    
   4.96452045       2.98927236      -2.75627923    
  -4.14154720     -0.910556972       2.39362001    
   4.35280848      -1.35369241      -4.14873981    
   2.26114464      0.729340017     -0.236910462    
   4.43604088       2.06601405      -3.43589640    
   2.10522318       2.31726694      -3.47049499    
   1.94112766      -4.27240038      -3.47030568    
  -1.39695168      0.809297204       1.04553032    
  -3.33874655      -2.38120866      0.806448877    
   4.96169758       3.86837482       4.25765896    
   1.98452544      -3.00196385      0.259928524    
  -1.62935841      -3.11862850       3.92657733    
 -0.819359720       1.11482894      -3.30316830    
  0.530679941      -4.82182884      -4.77220201    
  -2.39071083      -2.33850789       2.50383687    
  -4.47065210      -2.59303212     -0.861100793    
  -3.11961365      0.401577353       4.02026796    
  -3.12520385      -1.30402374       3.88703847    
  -2.66493440       4.35667896      -1.49012291    
   1.73355210      -4.52431440     -0.670242190    
 -0.682809651      -1.93226635       3.72600484    
   4.03458214       1.66943181       4.52329683    
  -1.70197463      0.564848363       2.83382916    
   2.79780483     -0.848566115       3.52962852    
   4.30163860      -2.21814322       4.98655128    
   4.53796005       1.33826387      0.500125229    
 -0.553444088     -0.355085373       2.79315567    
   1.19256997       3.07810569      -4.67072296    
  0.337254822       1.39664364      -4.01994085    
 -0.185681194       4.12632084      -4.07310057    
  -3.86028457      -1.28726447       4.76582718    
   1.57184744       4.72007465      -1.71263111    
   1.03073359       3.74343228      -3.59649396    
  -3.75591540      -4.74373293      -4.66232347    
  -1.37810051       1.99428463      -1.82484269    
  -1.57422924     -0.494043857      -1.21439373    
   2.27560163      0.723790109      -2.80571604    
  -3.74853253      -1.76926827      -1.37252855    
  -4.63549995      0.353436738      0.585838139    
   4.32687044       4.02737808      -2.77866173    
   1.66927862     -0.161996901     -0.504805148    
  0.905006826      -1.25272000       3.52316976    
 -0.489175051       3.56103349      -1.60288203    
  -2.21484518       3.27392888     -0.573314011    
   3.24226546       2.89370441       3.72463965    
   3.55815172      -1.67080963      -4.12247849    
   3.64866781      -2.93463206       4.13784742    
  -4.39762592      -3.66974330      -3.27859831    
   4.14271355      -4.16793489      -4.60964203    
  -3.58599162      -2.49528575      -3.92836809    
  -1.71881723       4.43070507      -3.30454445    
 -0.354999423      -3.65588474      -2.00431776    
   1.14598560       3.73925447      -1.74951899    
   4.32059467E-02  0.902373314       4.84066868    
  -4.47570515      -3.97898531      -7.78281987E-02
  -4.90685225     -0.605259180      -3.20387316    
 -0.838949800      -3.29277945       3.65260291    
  0.349290192      0.944075227       3.25767446    
  -2.05957484     -0.873911142      0.242459476    
   1.30822408      0.378014326      -3.82014513    
   4.82080460       4.70913458       1.38376880    
 -0.161543369      -4.78195143       4.98308849    
  -3.19028974      -5.32216653E-02  0.699397802    
   2.84229469      -4.06842327      0.358990550    
  0.505557716       3.09252572      -3.16665864    
  0.382285774       1.86609709      -4.98342896    
   4.07589483       3.88920808      0.463255674    
  0.502716005      -4.19662380      -4.09997797    
   2.69791150      -2.34142947       4.54941607    
   1.34957325      -3.23036551       1.26057410    
  -3.46594405      -3.99271536       1.55131769    
   2.59707022     -0.582577169      0.707208335    
  -2.91135812      0.795808971      -4.00161743    
   2.68634295      0.374736726       2.04866529    
   4.87458240E-03  -3.36581898      -2.65725303    
 -0.460508704      -3.96141267      -3.66353559    
   4.37984371       1.10300100     -0.327365160    
   3.07589698       1.30385518     -0.626686394    
  -2.37647605     -0.399831831       3.99325061    
  0.434831947      0.845158398      -2.47831559    
  -2.10310078      -2.41264606      0.730686665    
  -3.53428650       4.24259281       1.59226418    
   3.76123166       4.15422153      0.960567832    
   1.56923461       4.18057346       2.31770921    
  -3.32821178       1.58243835     -0.719538331    
  -2.78265285       3.83256531     -0.964835346    
  -1.05490375       1.79006839      -1.40611160    
   2.49693131      -4.69051170      0.471746832    
  0.228171930       1.27171123     -0.741084158    
   1.30907893      -1.93972182       4.88213110    
   1.80659914       4.46699619      0.870980442    
   2.75712729      0.580260336       1.31707937E-02
   1.41370034       3.99345160      -4.83044195    
   4.35321760       3.75928593      -4.84367323    
   3.63090539      0.317725480       1.84959006    
  -4.60413790       2.06120729      0.197224885    
  -1.19759655      -3.62838697     -0.665696263    
 -0.221067324       4.17084885     -0.142051861    
   1.06518435     -0.898509741       1.58920467    
  -3.43480277       4.06481218      -3.47165489    
   4.20011520      0.877566576      -4.43332100    
  0.121294886      0.910658896       3.67358947    
  -4.63343096       2.71706676      0.809698462    
   1.54784858       2.64510250      -2.65299654    
  -3.37435699      -2.29666448       3.55605149    
   4.88763046      -1.02963126      -4.29960346    
  -1.99312031       2.31721163     -0.755636394    
 -0.759328842       3.17145753     -0.507059395    
  -1.58750927      -1.66897142      -6.57454357E-02
  -4.51405907      -2.88120174      -3.51472521    
   1.55454397      -2.55873919      -1.57071147E-02
  0.261397809       3.52679658      -2.25417042    
  -3.10145283      0.661853433       3.35904932    
   1.10689890      0.846856773      -3.15881610    
 -0.804356337       2.40741181      -2.64490366    
  -3.63972402      -3.73364949       4.79676104    
  -3.78919053       4.62262630      -3.77905107    
  0.111011237      0.833191812      -2.87755871    
  -1.95777607      -2.87637258      -1.31585860    
  -1.73451459       3.12947178       1.25514281    
  -2.43003035      -1.55311203       4.88723421    
  -4.71430731       3.41382098       1.76483107    
   2.02471519       2.27242422       2.32819486    
   1.39633918       1.91449893       4.35539341    
   1.36897075      -1.07441437      -1.65165842    
   2.59642959       1.96092570      0.353235424    
  -4.08554077      -3.39560509      -1.33430278    
   1.84087133       1.47177613      0.689162314    
  -4.78965187      -3.65238762       1.80419743    
   3.64107847      -3.21199822      -2.32616758    
 -0.849313498      -9.61603373E-02   4.45135355    
  -3.80888963      -4.79435587       1.88441515    
  -1.48845577      -2.43403101       4.65238380    
  -3.35582542       4.04162598      -2.15736508    
  -2.90014362      -1.15921795      -3.62786531    
   3.49851894      0.293246865       1.10973048    
  -3.01040554       1.08534098     -0.654955029    
   2.05550337       4.80117512       4.95039368    
   1.33537602      -4.00793409      -2.21229100    
   2.23099804       3.76718545       4.36393023    
  -3.84038758       4.35845995       1.31976187    
   3.40274501      -3.94145513      -1.09335899    
   7.09073432E-03  -4.26124573       2.92941904    
  -3.76870728       4.45440435      -2.98675513    
  -4.79843760      -2.51891470       1.57341695    
  -4.41282272       2.50834250      -2.75039482    
 -0.127357632      0.842865288      -3.74586391    
  -2.06202769       2.66607809       2.39242768    
 -0.789836884       3.11592841      -2.76732397    
   3.96287012      0.308174640      -1.79396117    
   3.62647891       4.81758738      -6.81268275E-02
   2.58979249       1.78972435       3.01041842    
   3.02923775       3.81443429      0.511578679    
  -3.82083726      -4.97322226       9.14389044E-02
   3.35863853       3.96046972       4.56784296    
  -3.51978135       2.11225264E-02   2.86043167    
  0.789781928       4.94323015      -3.58407903    
 -0.755414844      -4.84176779       4.41746616    
   1.19339752      0.465440989       4.13139486    
  -3.10417867       3.47718048     -0.330044538    
   4.22329378       2.05914044      -1.46138453    
  0.914662957       4.14383268       4.85427141    
  -4.37654448       3.28573704       2.91369534    
  -1.30483162       2.69765019      -2.16472077    
   4.94358635       1.90808856       3.75270629    
   3.79224420      -4.61074686      -4.20165634    
   4.78203535      -4.68539667       1.69524109    
   2.10462832     -0.901986063      -1.32394445    
  -3.68781805      0.721794724      -3.86163163    
   3.01659632      0.763560295     -0.913563192    
 -0.269856870      0.771085858       2.20218921    
  -1.13249147      -4.98695374       2.99622250    
  -3.04534197       1.76452136      -4.11027956    
   3.51866698      -2.13735223       3.21472812    
  -2.76247668      -3.39301300      -3.89038825    
  -4.79160976       2.96330357     -0.846374810    
  -1.69943500       3.53414106      0.556528330    
  -4.56622887       4.21864080       2.43878889    
 -0.161880523      -2.12351871      -3.31525064    
 -0.952619076      -1.14371955       3.87040162    
  -2.58595467      0.340317369       2.81817007    
   1.48947871      -1.09218347      -4.09732246    
 -0.527901232       1.85548139       3.87986398    
  -3.24689889       1.34277534     -0.206468672    
  -3.13658738      -2.56987357      -4.83455896    
  -2.32174087      -2.89446378      -4.27880430    
   3.27470922      -2.39647031      -1.38688195    
 -0.276507914      -2.45640278       3.64615798    
  -1.67469287      -2.22675586      -1.76044214    
   2.26753092       2.38709927      -1.12327850    
  -2.87154627      -1.70423746      0.160883158    
  -2.96892643      0.857123137      -1.57176518    
 -0.591532111       2.65922141      -1.07072616    
   1.66443837      -1.98120570       3.22373915    
   1.95028841      -1.77339232     -0.838284373    
  -1.69561470       3.39908671      -2.11857986    
  -4.89172173      -2.32285047       3.52805901    
   7.48210028E-02   2.34170008      -2.81705499    
   2.13800073      -3.35341406      -2.23688459    
  -4.19947958      -4.79701519       4.43656301    
  0.188137040       4.23888445       1.16374123    
  -1.13255870       2.40990424      -4.08475685    
 -0.662209153      0.478912920      0.423066467    
 -0.727956891       4.66686916      -1.77714610    
   4.14908007E-02  -2.53973246       1.13753760    
   4.48917437      -1.87327671      -2.17014837    
  -3.46836686      -1.42545307     -0.220999464    
   3.17409015      -2.16384792     -0.982200921    
  0.636804700      -3.10507655     -0.455260575    
   1.78342068      -4.31118250       3.08025432    
   1.22159588      0.779669106       1.07659853    
 -0.402275771       2.40972614      0.610652924    
  -3.36239719      -2.38095880      -2.55692101    
  -4.17792940       2.56835151      -2.35838079    
  0.640559375      -4.30039644      -4.55570742E-02
  -2.66489577      -1.21199358       3.29754257    
   1.82006299      -3.10655808       1.61112142    
  -4.66698265     -0.539589822       3.72401309    
  -4.53735447       1.68768120       1.05499840    
   2.88166714      -1.53561568       3.64010787    
   1.23642647     -0.211101249       1.89504004    
 -0.894580185      -3.13167500      -4.96212769    
  -3.77438760     -0.874298453      -4.08838320    
   1.37078011       4.41874361     -0.229961380    
   1.45696473       1.03488386      -4.78853798    
  -3.12760162       2.61255050       4.51599169    
   4.73422766      -1.49417627      -3.69180799    
  0.833550572      -4.21113856E-02  0.567197204    
  -4.20530939     -0.293884277       2.01077366    
 -0.260254502       4.15180159      -4.86246252    
  -1.33950937      0.913908243      -2.51885676    
  -3.62145925      -1.43222833       1.44479680    
 -0.650755346      -1.00412428       3.33920336    
   3.20660377      -2.22207999      -4.07860184    
   1.70526016       2.11338401      0.804984093    
   2.82307124     -0.777786374      -1.69367409    
   4.48589373       4.16266966      -3.40376449    
  -1.87384748       4.72538757      -4.15879250    
   4.18913841      -2.15470338       2.47900629    
   4.78409672      0.335880220       1.83758998    
  -1.86760533       4.43263531       2.43680882    
   4.96757698      -2.10952368E-02   2.06803346    
   4.04608250     -0.813116491       1.24765730    
   2.11391735       1.30490279       1.69894028    
  -2.35672712     -0.256607234       3.52034187    
 -0.986720264       2.11362386       2.90970683    
  -3.08584714       1.59071100       1.04575622    
   3.68558121      -1.34206498       1.24994850    
   3.08336139     -0.507961571     -0.783399582    
   2.59216332       2.76328635     -0.866881609    
  -4.79281759      0.666781962       2.79376340    
  -1.04827523      -3.19577265      -4.04121971    
  -1.86167479       3.87943721       4.73426533    
   1.49505663      0.279072106      -1.22136080    
   3.92348409       2.59133410       1.92112160    
  -1.90824568       2.20091438       4.22671700    
  -3.96623540       1.11721396      -4.70298243    
  -3.07624030      -4.44951200     -0.573350549    
 -0.404565156       3.18694854       2.10116339    
  0.819023848       4.75796652      -1.84782958    
  -1.57495356     -0.861857891      0.722444475    
  -1.14957786       4.80760622       8.79794508E-02
 -0.536769331     -0.397950977       1.58436298    
  -1.32265127       2.80045772     -0.997538090    
  -2.86740947       1.93228316       3.38295627    
 -0.433283895      0.965273499      -4.30299807    
  -3.86902380      -1.01894903      -1.38234366E-02
   2.28035116       2.99406672       1.89041364    
  0.470228165       1.70725989       1.47711980    
  -1.75846899      -3.15531301       2.76748180    
  -2.74731759E-02   4.63989019      -1.77774739    
  -1.94451548E-02 -0.929833949       1.04557228    
   2.91734433      -2.96903133       3.96858597    
   4.17856979       2.97613358       4.24218035    
   3.52945971      -1.67940009       2.66061211    
  -4.70987940       3.80381703      -1.45897877    
   1.46117318       3.50078392     -0.740894437    
   4.83644676      -2.08584929       2.12653565    
  -4.77904654      -1.23196816      -4.00711393    
  0.594353616      -3.93123841       2.48465991    
   3.69022489      0.435560465       4.62803030    
   3.72280550       2.71419239      -2.49717355    
   3.80218434      -3.67542410      -2.09834623    
   4.40177870      -2.21747303       4.40103960    
   3.57534742      0.185297236      -2.84329605    
 -0.928619027       3.70949173      -3.91597772    
  0.700279474      -4.58336687       4.92269516    
   4.36744785      -3.24822187       1.10013294    
   3.89264154       1.83975697      -4.09059429    
   2.55975103       4.79961634      -2.93640304    
   4.42115784      -1.41058910       2.93986750    
  0.660592616       2.08181119      -3.02724385    
   9.22112688E-02   2.96956182      -4.78044891    
   4.97734833      0.692237198       3.87256956    
  0.503156900     -0.725074232       4.97021103    
   2.07933998       3.24393725       1.45164657    
  -3.08335352      -4.41394711       4.16088533    
 -0.645914078       4.64506769       1.29461753    
   1.09091330       3.17382073       3.53816676    
   2.41054249       3.88432002      -4.57113981    
  0.830636144     -0.574106693     -0.572214186    
   4.62231255     -0.690952361      -2.74557161    
  0.885136664      -2.15684962      -2.49005628    
 -0.533861637      -4.03812265      0.723010600    
  0.302267849       2.75298166      -1.05167556    
   2.70997572      -4.74776649      0.476190805    
  -4.98283243      -2.63999033      -4.67769766    
   2.96619105      -4.47497177       2.47026134    
  -2.00897694       3.48354673      -2.62398362    
 -0.284516543      -1.92870772       4.73876190    
   3.72417378       3.26678228      -3.96877551    
   2.34561801      -1.83456647      -4.58889341    
   4.22069311       1.48598254       2.51301718    
   3.04838371      0.668074489      -2.00499916    
  -4.06733465      0.420435071       3.99561238    
   1.27992177       3.29489827       4.48254299    
   2.92119217       2.27277207     -0.866205215    
 -0.596798956      0.990446687      -2.92029905    
  -1.91981494      -1.96114850     -0.343531132    
   2.47309232      -2.54589868     -0.763191819    
   2.75212383      -4.77620554     -0.770218313    
   3.51305175       3.56269574      -3.70258427    
  -2.40979838      0.795059741       3.55968356    
 -0.246916577       4.24870491      -3.82698822    
   3.03396726      -2.33596158      -2.35475373    
  -3.14497662       3.06108618      -1.14630425    
   2.78439713      -4.68968391      -4.52253866    
   2.05410719       2.94097495      -5.07020280E-02
   2.18369603      -3.90116477      0.582481503    
  0.532624364     -0.727007806       4.47586203    
  -3.00430432E-02   3.51825666      -4.35631180    
  -1.24470266E-02 -0.418103397     -0.364228457    
 -0.954972267      -2.61005139      -2.34221053    
 -0.210210875       6.22814223E-02   4.63889217    
 -0.799372673       4.31016302       3.04950023    
   4.19898367       1.39683294       3.44518018    
  -4.35448503      0.717750549      -2.89131308    
  0.782590091      -3.90281224      -1.15553224    
   2.49064016     -0.604002833       2.79050875    
   2.72969365      -1.46177697      -3.04377818    
  -2.88129282      -2.58436751     -0.876562119    
   4.31795740       2.72135901       4.87993050    
   2.54788017       3.88336015       3.70564795    
  -3.36205173      -3.68415308       3.39747953    
  -1.68967211       1.48543644       2.51759267    
 -0.256760150       2.27985883      -4.43579006    
 -0.779535234       3.58069539      0.709327579    
 -0.662144840       3.30877423      -2.65200162    
  -1.71978092       4.37102747       4.48836327    
  -7.32258856E-02   4.25708741E-02   3.64754248    
  -2.94213223       4.58582926      0.126162201    
   2.95044613       4.41662836      -4.73433065    
   3.59920430      -3.73608661       4.81393242    
   2.69160223       1.83652306      -4.41961241    
   4.32869673      -1.01901340     -0.218655229    
   1.79861355      -4.35667038      -4.54173470    
   4.67907333      0.923773706      -4.97245836    
 -0.449094296      -4.67369509       1.41235220    
  -4.90420437       4.25895071       1.60933769    
  -1.26753557      -3.94595414E-02   1.63635051    
  -2.18824434     -0.709148943     -0.803892076    
  -4.48387766       1.31735444       1.52359402    
  0.206636429       1.57427323      0.890745699    
  -2.27027488      -4.45252991      -4.89016247    
  0.204035878     -0.878821373       1.90209734    
 -0.911953986       2.65170288      0.137010098    
   1.77797663      -4.44679117       4.63861561    
   4.86299229      -4.67574024      -1.56798494    
  -2.92163777      -3.13056493      -5.54077886E-03
 -0.315783739      0.707283914       2.50467873    
  0.270731032       3.15434411E-02 -0.902835429    
  -3.54534674      -4.46061420       3.41772175    
  0.484940171      -2.40114021      -3.30875206    
 -0.609636545     -0.496976882      -3.24985194    
   3.59190083      -2.85779333       2.49225068    
  -4.23838234     -0.869779766      -2.43603635    
  -4.56569958      -2.29108572     -0.132529199    
   4.09896231       2.46891642      -4.52296305    
   3.36408257       2.43183565       4.56803799    
  -3.01725745     -0.553429067      -3.28170228    
   2.44978762      -3.34655190       1.98327434    
  -1.50746906      -2.86402988      0.198691726    
   3.45216918       1.48482955      0.949554622    
  -3.00235820     -0.638511002      0.894533336    
  0.141263381     -0.288366437      0.375239581    
 -0.554139912       1.85357952       2.93393159    
  -2.41045046      -1.22180748      -4.37450409    
   4.65244675     -0.611179054     -0.996874571    
   4.05329895      -3.90728641       2.08367634    
  -4.90118265      -3.01087260      0.103637442    
   4.21417618      -2.53597116       1.69670796    
  -4.25631332      -3.30153418      0.725865126    
  -1.03962040      -2.03541994       2.31528592    
  -3.05593228       3.97659087      0.867847562    
  0.740311861      -3.01633358      0.335006595    
  -1.76959229      -2.07447553       1.68863857    
   4.36708069      -3.71060634     -0.463190198    
   4.75073099      -2.18074942      -2.72238779    
  -4.60866165       1.56190348       4.94849920    
  -3.69969988       4.91887712       4.45805550    
  -1.27667189      -4.84774303       4.10441160    
  -3.88805509       3.59100962       4.53554583    
  0.203402847      0.628024101       1.45430005    
 -0.299836218       3.82488227       4.39605236    
  -3.79092693      0.283876091      -3.08152549E-02
  -2.65913606       3.72536397      0.657735527    
   4.18236876      -3.25127172      0.218426958    
  -4.92854500      -1.62654781      0.492524862    
   3.46668959     -0.684711277       4.17207909    
   2.14667416     -0.947432220       4.98543835    
  0.707866848      -1.85329568       1.89522564    
  -3.17810750       3.43959808      -2.84015512    
   1.98217237      -3.85017729       3.28088355    
   3.15604973      -4.75705051       4.53812599    
   4.31721973       4.60614204       2.12186098    
   2.72337604       3.76932645       2.45209575    
  -3.05138588       2.40974426       1.61397719    
  -3.66156602     -0.767191052      -1.58302438    
   4.60761833       4.71833277       4.78289127    
 -0.187660202      -4.72413063     -0.546234965    
  -4.89708710      -3.37082982       2.24674177    
  -4.03134251       1.78690588      -1.96195030    
  -3.11518383       4.75814295      -4.54658604    
  -1.92280483       1.85179079       3.52659225    
  -1.52224839       2.46952963       3.21580529    
  -4.78388166       4.11137438      0.609371424    
   4.78711653     -0.803249419       1.88679612    
  -4.15693665     -0.708998144       3.30856633    
   3.80868411      -2.80087495      -2.14403009    
   3.82510352       4.63088465       1.43979764    
  -2.18159080      -4.03884172       2.70472074    
  -4.97677183      -1.57063317     -0.717955589    
 -0.761405945       2.30206966      -3.98308229    
  -4.36550951      -3.99899697       2.85417056    
  0.599147379      -2.85688567       3.90648127    
  -2.77268124     -0.972440243      -4.23744583    
   4.06702185       1.75526619      0.307613432    
  -3.70903540       4.54258871       2.56535888    
 -0.643985808       1.20668769      0.117058568    
  -2.42653537     -0.555126488       2.39938164    
   4.94322157       1.52687359     -0.715783358    
   1.55026853      -3.58723426      0.600022554    
  -2.33084893       1.41557491      -1.49181938    
   1.76276946       3.99188733      -2.97240376    
   4.93095732       2.07049537      -1.81504536    
  -2.74553657       3.51592135       1.78142893    
  0.958284199      0.472553551       3.45826459    
   4.71374035       3.58950925      0.183208719    
  -3.28474641      -2.01571226      -4.52766371    
   1.61658812       1.26461852       4.88938236    
  -3.93596911      -2.02142119     -0.728520215    
  -3.87131238       2.15210557       3.54378295    
  -1.79850185     -0.797056735       1.71157146    
  -3.37188983      0.822129190      -1.48983204    
 -0.521564841       4.70266119E-02  -4.04749584    
  -4.09903431      -3.01469254      -4.14290524    
   2.08524823      -7.04622492E-02  0.549549639    
  -4.98079157      -4.26046658      -2.10827398    
   2.85730124       1.87453043       4.42166090    
  -3.90881968       1.67380822       2.70220017    
   3.21240425       1.43102479      -3.83945298    
  -2.26296663       4.85950279       3.53817511    
  -1.51870453      -2.69603086      -1.22504795    
   1.03373373      -4.56840611      -3.85404491    
  -3.17567921      -1.60645521     -0.760607302    
  0.926942706       4.50157070      0.453277290    
   2.23139405     -0.162817225      -1.75975811    
   1.27500033       3.31245661       3.17237544    
 -0.623055339      -2.32384515      -3.85327506    
  -3.98913741      -3.49976349      0.331450105    
  -4.47130775       4.03471613       3.91432494E-02
  -4.80147314       4.34092045      -4.41281748    
   4.27135563      0.934934258       4.12244654    
  -2.17893505       4.03250647       4.03027248    
 -0.604820967      -1.23213851      -2.55216956    
  -4.30487108       3.57273245      -4.19745636    
  -1.53003573      -4.68047857     -0.692948997    
   2.43514800       3.68349123     -0.844099283    
   2.47483850      -2.50892663       3.32896090    
  -2.05953979      -1.33991027      -1.41482449    
  0.642130971       2.32855082     -0.352862179    
   3.93139172     -0.288366586       2.55417371    
  -4.58715200     -0.101070359      -1.79815054    
   3.13896322       4.20718908       3.68117046    
  0.297464669       4.84368753      -2.75068903    
  -1.33572102      -1.14713526       2.94249725    
  -4.61857414      -4.36919069      -3.79038930    
  -4.88556719      -2.65901208       3.66962266    
  -3.51639104      -4.13529634      -1.11457384    
   1.66405880      -2.73893499      -2.84600663    
   1.79902542      -4.89321852       1.78940690    
   1.94914448       2.71569109      -4.82503796    
   1.13149118       5.61049916E-02   4.93001461    
   4.73029613       2.91392207      -1.64989293    
  -1.73277700      -1.61024272      -2.03872728    
  0.445141464       3.20605159       4.32422113    
  -3.40559721     -0.109979607     -0.798211217    
   4.26615763      -4.28795338       2.26970601    
  -2.00984669      0.607137442     -0.433768511    
  0.740796566      -2.74946952      -1.87873936    
 -0.702796757      -3.19860387      -1.31768358    
  0.360957772      -2.03030849     -0.736087978    
  0.562525094       2.43620372      -1.45175874    
  0.679707348       2.95946336       4.14374971    
  0.534083724      -1.69365025      -2.72771645    
  -1.76345289      -4.52333117     -0.854214489    
  -5.74737042E-02   3.16382337      -3.62626028    
  -4.28123045       2.10490179      0.180033177    
  -1.31783056       1.49578035     -0.148030475    
  -2.62828970      -7.17794970E-02  -4.81973028    
  0.833010256      -1.70059502      0.682871461    
   1.01325321       1.05491638      -3.64920497    
  -4.08820915       1.48158062      -1.37468588    
  -3.81037760       2.54776645     -0.891648829    
  -4.99312878      -2.64742541      -2.60955858    
 -0.458648980      -3.00184655       3.19373035    
   4.21259546      -1.32986772      -2.74036694    
   1.41618335       1.41105914       2.63055229    
  -1.00266314      0.750757337     -0.636653662    
  -3.29832911      -1.57768512       2.54726291    
  -4.03536367       2.25124598      -4.47994709    
   1.14781237       4.14199018       2.81482768    
  -3.64839530       1.54252648       4.59150553    
   3.92448997      -4.50054598       3.31442976    
  0.174766272      -1.67267382      -2.21833014    
  -2.53024411      -1.59529328      -2.86415339    
  -1.64593589       3.52030563       3.17471218    
  -2.79994535      0.877133667      -2.74614835    
   2.69459701      -3.00421309     -0.107328296    
  -4.85235786      -3.87342048       3.77367592    
 -0.112620182       3.58338785       2.92564034    
   2.42882252      -3.75688672      -3.05248046    
  0.868541002       3.11403918     -0.525977015    
  -3.28286004      -1.62965536      0.793058872    
  -1.39381111       3.82011199     -0.948014915    
  -2.50738668      -4.35570955       1.49160278    
   3.29319501       2.57220340      -1.79454112    
   2.81253529     -0.859621584     -0.207015634    
   2.54294896       1.15508020      -4.83319235    
   2.17673588       2.58371496       4.09020615    
  -4.49341297     -0.766207218      0.484625489    
   4.84897709       2.33441591       1.50178599    
   1.29610693     -0.664779067      -3.39907455    
   2.88193631     -0.292024344       4.31112909    
  -1.68071747      -3.63849258       4.63159418    
   2.46360612      -3.14646959      -1.54889321    
   4.11438681E-02 -0.268084139      -4.28455162    
 -0.507665277      -3.73794270      -1.03328371    
