   1.63923311       2.96840119      -2.55252814    
  -1.61953783       9.38281417E-04  -3.48364472    
  0.240591228      -1.32023430      0.629963577    
  -3.97872710       1.41968393       1.47058904    
   4.04454517      -4.04352951       1.14235914    
   2.09261990       4.47255421      -2.68948221    
   4.24572992       1.07937419      -3.23051333    
   4.98502254      -4.17395258      -8.46302286E-02
   1.05897939       2.07532954      -3.62067223    
  0.943210244      -2.98523235       3.20100594    
 -0.198511839       4.96982527      -1.30017948    
   2.64456224      -3.17741776       4.15948534    
   2.04113960      0.484003425       1.09122217    
   3.91157651       1.61665809       4.17780972    
  -1.03225350       2.29350019      0.944077253    
  0.970221758      -4.72809362      -4.75762224    
   2.80772090      -3.25700068      -2.93513322    
  -1.34316111       1.61885142       3.05310392    
  -1.48876858       1.55932581       4.97616625    
   4.14537430       4.33348227       4.95846272    
  -1.71677649      0.888910472       1.76304531    
  -3.42523360      0.546976328      -4.57992172    
 -0.363609374     -0.604791284     -0.404743016    
  -2.95921206       4.12867737      -2.40959525    
  -2.98418546       2.12471509       3.33697200    
  -4.69077349      0.537329674       4.79065418    
   1.05236983      -3.32963848      -3.11832595    
   1.81858075      -2.87351274      -3.03065395    
   2.22832108      0.582814157       4.03887320    
   1.06200051       3.81436944      -3.52894044    
 -0.610959649      0.595977366       4.46311617    
  -3.36540079       4.32035112       3.03194571    
   2.43570852       3.53449249       3.47610855    
 -0.136320502       3.30515552      -4.22129440    
  -3.11876345       3.80367160       4.86534882    
   3.73829985       3.05853987      -2.71389771    
  0.700667918       4.48121548       4.34740496    
 -0.208071321       1.36387658     -0.646957755    
  -1.52779591       3.16530538       2.85279417    
  0.229474083     -0.741046548      -4.28785658    
  -1.14710331      -4.61726379     -0.974489331    
   4.82317448      0.113849342      -4.85410833    
  -1.93762445     -0.879500151      -1.16666484    
  -3.76664972     -0.250393599       1.10358810    
  -3.00675941       2.04477811       1.91751158    
  -1.22484374      -1.52114260       1.77579319    
   4.61751461     -0.422628075       2.15242696    
  -2.30688977       3.45361042      -4.41947842    
  -1.41648293      -3.93448997      0.580103338    
   4.29277563      -4.68080282      -4.61164808    
   3.40499115       3.70556688       3.65167379    
 -0.343348891       4.96990490     -0.221112043    
   4.87471962       3.69470310      -2.46311331    
   2.37138844      0.769501746      0.190180168    
  -4.43205214      -3.85922575     -0.809898853    
  0.744928896      -2.01021528      -3.25560999    
  -4.53507948       1.48234880      -3.32710719    
  -3.84954786     -0.549833238       2.24777341    
  -2.39496541      -1.31470883      -3.89471579    
  0.970105827     -0.630544543       1.71841669    
  -3.26237559      -2.66264486      -8.07502791E-02
  -3.65256524      0.884618282       5.58011606E-02
 -0.447573304      -1.31374621      -4.71744426E-02
   4.61483574       2.22241259      -4.61227417    
  0.165992618      -4.64593697       3.38029718    
  -2.35586166      -1.78879297      -4.69681835    
  -3.37283802       2.86153746      0.865806282    
  -4.71168423      -4.13229656       1.48883033    
  -1.94052815     -0.761986434       3.80349612    
 -0.130883202      -1.71065605       4.62065077    
  0.341609955      -1.97000730     -0.160951614    
  -4.65368462       1.24908376     -0.556986213    
   4.83950281       4.22751570       4.32011414    
  0.154524580      -2.22260785      -4.86728239    
  -1.05492544       3.53764057      -4.68975306    
 -0.361268461       1.28673303      -3.83103871    
  -2.97652149       2.61508369       2.14970732    
  -4.49657440      -2.63771936E-02   3.72499108    
 -0.755324304      0.929551840      0.365238965    
   1.32257831     -0.697752237       3.25778580    
   1.86374509       2.54071212      -3.21118069    
  -1.33363664      0.274318188       2.70310020    
   2.70525408       4.90368462       2.01620221    
   3.14679074       2.03741837       4.03392982    
   3.79485464     -0.532788217       4.57325554    
  -2.76879311      -2.53955007       1.27530730    
  0.672980726      -3.80556273      0.758082867    
   2.13084936       2.69085932      -1.77752602    
  0.697482586      -2.68829656      -2.34409809    
 -0.524278879       3.83587170     -0.311484069    
   3.65939641      -3.02594948     -0.420478106    
  -3.64194226       4.60845041      -3.92381120    
  -2.27531672      0.466272086       1.56315780    
  -2.00959349       1.87770700     -0.252661198    
  -4.49727440      -2.94433498      -2.22688389    
 -0.493480951       4.08443832      -1.15882707    
  -3.88712716     -0.770004034      -3.78984213    
  0.530309916      -2.02599406      -4.05184460    
  -4.25751972      0.414002240       1.58255053    
  -3.00330210     -0.657168448       3.10780454    
   4.40060663       5.64702526E-02   1.74968565    
  -4.24082422      -4.13762569      -3.89608884    
   4.76416397       4.94277859       1.90591991    
   3.83638811     -0.690886796       3.31651902    
  -3.15900207      -3.11733842      -3.62853384    
  -1.44341826      -1.27875721      -4.49155140    
  -3.27460504     -0.714279652      -1.26003456    
  -2.49326444       2.79792213       2.28264499    
 -0.601104796       4.24455881       3.06900191    
  -3.51575494       4.25044394       2.06851006    
  0.856518388       2.08961248      -3.72385836    
  0.965341449      -2.67517853       2.86610055    
   4.96028948       4.52264786       3.98188853    
 -0.730210364      -3.03772306       2.53130364    
   1.81479073      -1.12567675      -3.51790833    
  -1.25025463      -2.27999353      0.897361100    
   2.02542782      -4.34550858      -1.36815917    
  -4.60955811     -0.390908092      -1.02622271    
   3.72272706      -1.08573914      -3.70689082    
  -2.04566383       1.74715638       2.92686319    
  -4.67856073      -4.01353550       1.06272304    
  0.950913429      -4.29359341       2.87077260    
  -2.95176339      -3.75710106      -4.05096960    
   1.57473159     -0.626554310       2.03545618    
  -4.81746197      -2.92640400     -0.658710778    
   2.34460378       4.49634504      0.222378269    
   2.86172843       4.75347948      -1.06109750    
   4.52461720     -0.457774132      -4.06350327    
   3.63314939      -3.14951611      -2.25500345    
  -4.34424639      -1.93192041      -1.42065573    
  -4.89415073      -1.20830584      -2.24257231    
  -3.49149609       2.02337766      -1.55640125    
   4.57314968       2.46203661       1.19992864    
  -4.50238943       3.22149682      -4.54561138    
  -3.70968413      -3.81202745       2.81275868    
   2.45121956       2.76108122      -4.95112324    
  -1.40565956       1.21505511     -0.360938102    
   2.00776553       2.12350726      0.295813262    
  -1.68582213       2.15128589      -1.89674091    
   1.56253386     -0.620679557      -4.33248615    
   3.41201830       1.52036083      0.713171422    
  -1.73102677       1.70617127       2.73602653    
   2.25614166      -9.50324610E-02  -2.70266104    
 -0.221593618       3.05933046       1.41945398    
  -3.08192205      0.309438109      -1.47673047    
  -3.19673204     -0.857707202       1.39932716    
  0.381278962      -1.46115732       1.44335258    
   3.52111745      -4.74829292      0.899028122    
   3.39832425       1.36477339      -2.18054175    
  0.987271190       4.60486603      -2.76756668    
   2.92943764       3.48891616     -0.915544331    
   2.79921174       1.57188106       4.67781496    
  -5.85394874E-02  0.559468210       4.26263809    
 -0.357492030      -2.30427599      -1.67968404    
   3.81758976      -2.49882603      0.458414584    
 -0.964467227      -2.92961740      -1.42388380    
  -4.78597212       3.06220365      0.376103699    
  -1.20271826      0.722901821       2.87072134    
   3.72975278      -2.77679181       3.05289197    
   2.50691199      -2.19427729       3.85348868    
  -2.81766701      -1.05501437      -4.87185097    
  -3.92014074      -4.86949539     -0.882711709    
  -3.84520411      -4.40564966       1.49798501    
  -2.02222729       2.37930894      -2.60374689    
  -2.18952179     -0.651336789      -1.26607847    
  -4.05333757       4.34333754      -3.13436460    
   4.77222729      0.299482584       3.00509501    
  -2.69093585       1.28408098      -3.20743227    
   2.35073757       3.83167839       1.94715285    
   2.45496893       1.98062360     -0.732284725    
 -0.754818439       3.55842423      -1.49264097    
   2.10906887      -4.94087934       2.56848097    
  -3.49560809       4.45015097      -8.26447830E-02
  -2.79439354      -4.95379877       2.40829182    
   2.08610559      -2.71733928       3.32576609    
   4.62021017      -1.56805766       2.00774884    
   2.06903625      -4.77153206     -0.963874459    
  -4.35592508       1.32525599      -3.43099809    
 -0.131710902       2.49986219      -4.69552469    
  0.748796880     -0.401795805      -7.57434368E-02
   4.44964266      -4.16203928      -3.18574500    
  0.608912110     -0.452816457      -4.25713301    
   1.48874915      -4.42377758       2.13024378    
   3.20664597      -1.33290350       2.80598831    
  -2.01139879       1.27251792      -1.70984983    
   3.61400485       3.31323218     -0.710889816    
   2.83823347      -3.58089900      -2.39111996    
  -2.68676162       1.86274326      0.182318598    
 -0.466144353      0.396751255      -3.46108365    
  -2.37405705       4.39535809      -1.27874053    
   3.86823177      -2.05105066       1.60667181    
  -1.70196557      -2.99801755       3.08502197    
   2.87241864       2.99640703       1.42715037    
   1.60811532       3.19131684       3.18111157    
  -4.81289196      -2.69817567       4.52879667    
  -1.63679874      -1.07142997      -2.02975559    
   3.75165915       3.50224853       3.49113345    
   2.42900586      0.781032562      -1.20254517    
  -2.62804294      -2.15137982       2.58928561    
  0.366199255       2.42881417       2.40907311    
  -3.35598397      -2.78330779       1.64904201    
   4.05275345     -0.252923906      -4.98173945E-02
  -5.42064235E-02  -1.71083379      -2.66513801    
   1.29383528       3.72135901      0.901177347    
   2.60630155      0.311473936      0.531177759    
   4.27663469      -3.97054720       4.91367388    
 -0.564987123       2.75099635       3.56952429    
   4.01192331       4.00824547      -1.01384580    
   2.08011603       3.83523607      0.745032430    
   3.57938170      -1.90019095      -4.15297318    
  -1.78933668      -4.64144993       3.59380531    
   1.97721338      -1.93956912       2.09047604    
  -3.17102027      -2.01134324     -0.992241502    
  -1.10292149      -1.29276228      -3.30920529    
   1.65891826      -3.12869763      0.890915036    
  -1.97479379       3.88428664      0.457220197    
  0.803959727       4.37861204      -3.93267488    
   2.40306234      -3.06185222      -1.40142655    
  -1.68700576       1.18074858      0.968547046    
   4.63518238       3.98591566       2.59608269    
  -2.21794963      -4.56073141      -3.23203015    
  0.839641392      -4.39693022      -1.17538083    
  0.387262642       4.78157663      -2.74064183    
  -1.88703811      -4.46885252     -0.660543263    
  -2.29912710      -2.69988108       1.93308032    
  -2.61248612      -1.12013400       1.13800573    
   2.20030499      -1.55028033      -1.22845232    
   3.95336938      -3.40463138     -0.899373293    
  -2.46190524       3.21081519      -3.41523528    
  -1.94101727      0.789521635     -0.872517943    
  -1.82472634      0.205553174      -4.06983185    
   2.13786101       2.22979426       3.19737792    
   2.32354999       2.53305650      -1.15006709    
  -3.19663835      -1.38606894      0.434744030    
  -3.64337707      -3.14123940       1.44441628    
   3.36401749      -2.41158772      -1.23841631    
   1.86108351       3.40161633       4.54288960    
  -4.89250040      -1.50180590       4.25811005    
  -3.04215837      -1.62975216      -1.09428835    
   4.94164944      -4.97248650       3.21888828    
 -0.638574302       4.58893061     -0.164905280    
 -0.552544236       1.54583418       3.70026112    
  -4.79393625     -0.776816845      0.278689921    
  -2.89841390     -0.649856746      -3.70877862    
 -0.213292077      -1.41682005       4.66287708    
  -1.41587186      -4.79432821      -4.34650850    
  -1.08273292      -2.69288905E-02 -0.869884610    
  -3.95246935      -4.29691935      -4.56324339    
  -2.78397655       1.16189516       1.24141097    
  -4.77420092       1.74921429      -4.69713211    
  -2.86656618       1.63560414      -2.37294555    
  -1.83688104       1.57420635       4.02075148    
  -3.04077387       3.39719748      -3.47509503    
  0.438428640      -3.94503641      -2.83389664    
  0.184550360      -3.53649163      -4.85563183    
   1.90272522      0.408934057      -2.00375199    
   3.20923185       3.81317210       3.63289565E-02
   2.66145849     -0.140551582     -0.878414154    
  -1.10166609       1.78400600       4.18665838    
  -4.32188654       4.94730711      0.161231756    
  0.894764841      0.187993482      -1.43357432    
   1.63708413       1.52058592E-02  -4.04147005    
  -3.49593306       4.25648308      -4.90881634    
   4.82807493      -1.27755356      -1.26497316    
  -3.37748432      -1.05073142       4.42438698    
 -0.678187072      0.106330857       1.53786647    
  -1.77962244      0.691685796       3.47233057    
  -2.66491866     -0.363608301       4.23143625    
  -2.63029188E-02 -0.546511412      -2.71902728    
  0.115125619      -4.96408653       1.15981627    
   4.61918640     -0.961909413       6.47231117E-02
   1.95270038      -3.71112180      -4.12066174    
  -4.48347139     -0.618929684       3.13570428    
  0.650372982      0.853156388      -2.18814492    
   4.71902323       3.58387470       4.63222599    
  -3.61424279       2.92764878      0.266719639    
  -1.40263712      -3.11643195      -2.79255199    
  -3.64401889       3.36477637       1.95509100    
   3.46000338      -2.16186261     -0.120204583    
   4.30394459       1.16668653     -0.847177327    
  -4.04714346       1.02400017       4.35885048    
   2.03056931       4.56151438      -3.67476249    
  -1.44260861E-02  0.770444095       1.23043609    
   2.80419827       3.58580279      -3.34972501    
  -4.11102057      -2.89344573       3.84821749    
 -0.524258137      -4.92285156      -1.74994051    
   1.54578686     -0.189401209       4.91006947    
  0.715926111      0.818844795       4.18676472    
   1.50919473     -0.792984068      0.409586281    
   3.38611031      0.567624331      0.391238868    
  -2.25914121       4.84363937     -0.312432677    
  -3.98111248       3.12935543       2.83847141    
  -2.28127766      -1.17411733       2.99611259    
 -0.228466421      -4.25394440       3.01323867    
   3.28859925      -3.88090897      -4.74096012    
   2.86244464       2.06598401      0.120465733    
 -0.970564961       2.55430317     -0.213779792    
   4.86243439     -0.771486044       2.49169064    
   1.33429062       4.03707314       2.33927059    
  -3.34714484       2.80146980       4.69993830    
  -2.55733633     -0.395398468       2.63189816    
  -2.63066578       4.20310593       4.16614485    
   1.66976035      -4.09117746      -2.53679609    
  -4.85572338       3.26379919      -3.75746632    
   1.93075311      -1.31675601       3.62995529    
  -3.31150293       1.42263174      -3.15869856    
  -2.53817511       3.95202494      0.865096867    
  -3.92232084     -0.756113112       4.89997244    
 -0.261282116       1.50454676      -4.77692080    
  -2.10413218       4.44903660       3.97938871    
  0.894489706       3.06881046       3.29162717    
  -4.12631845       2.26660228       1.22591054    
  -2.51695824      -2.80439210      0.494340777    
   2.51737022      -4.40425348       4.22053576    
 -0.746648192      0.438411176       3.61917090    
   1.50602019       3.42227650      -3.32907748    
  -3.35025692       1.76137805       3.25023681E-02
  -2.10512662       1.22555482       4.07357883    
 -0.690582454       4.82894421      -4.60702801    
  -2.95439792       2.35121536      0.312127829    
   2.84364700       2.52974629      -1.53956032    
   1.61743045     -0.582847238      -1.16944027    
  -3.02340531      -4.09137964      -3.01798940    
  -4.01528025      -4.32255983       2.29041839    
   3.29526401      -3.74173141       3.52596927    
   2.60626411      -4.23937845      -1.95406544    
  -3.97646284       1.71045399      -4.50372458    
  -4.52469540       3.56148982      -2.01226568    
  -4.26507092       2.97146583      -3.82476664    
   8.74970108E-04   2.35487604      -1.55523169    
   1.00052452       3.36030483      -1.58680451    
  0.334335238      -2.38014221       4.24578857    
  -1.44848633      -4.92361403      -1.67565250    
   2.58141303     -0.601663649       1.06013596    
  -4.64219618      -2.64476395       1.04217303    
  -2.92874169       1.76472211       4.94959307    
  0.817397296       2.80257869       1.57425952    
  -3.51464796       3.58901262      -3.74764872    
   2.46846271      -1.97447419      -1.50799334    
 -0.986542463       3.02888298      -4.09997606    
  -1.90831459      -8.84644911E-02   4.42104006    
  -3.39636970      0.190429896       4.86839724    
  -1.85991704      -1.04491222     -0.534767628    
  0.232504487       3.13862944      0.243341729    
   2.65627551      -1.99510825      -4.39946175    
  -4.98478556      -4.38989973       3.35808206    
   3.32583904      -4.81851864      -4.81798363    
  -1.08754611       4.36176968       3.28255963    
  0.534617186       2.05147529       4.18217278    
  -3.90379578E-02  -4.22036266      -1.62131548    
  -3.00624919       4.41044664      -4.85403967    
  -2.55666804      -3.72963643     -0.338356346    
   1.87410688       3.96909976      -1.22960174    
   4.57134342       1.03518856       2.16088343    
  -1.13344657      -4.69326067       4.08603764    
   4.45655727     -0.614561200      -4.57849455    
  -3.82659650      0.273240149      -3.47684622    
   2.43477869       4.73441458      -2.80652952    
   4.46054554       1.50502586      -4.98022747    
  -2.36348581       3.42229199       3.57725286    
 -0.971802711      -1.98132753       9.79892462E-02
   1.28236198       1.11629677      -4.10653114    
   4.62728786     -0.903311968       4.90920258    
 -0.232875958       3.08374405       2.24988723    
  -2.77513599      -3.44238091       2.27842569    
   2.23187709      -2.62576294      -2.94668603    
 -0.350484282     -0.304450363      -4.12162161    
   1.90782154     -0.124256171      -1.40247452    
  0.493531495       2.57073402       4.79729652    
  -4.82858419      0.552448153       3.24226761    
  0.959700942      0.152418584      -3.57480645    
  -3.29852891      0.577825665      -3.01657343    
  -3.35436320      0.543531835       2.18233728    
   1.18940544      0.543058097      -3.02715015    
  -3.27597475     -0.245902687       3.81437445    
   1.88838649      -3.57219386      -4.19838381    
  -2.72355819       3.55302906       1.51401472    
   2.83677506      -2.96791673      -3.55342722    
  -1.12002325     -0.622662008       2.23978353    
   2.72069168      -2.46619821       3.21021724    
  0.635227561       1.63317609       1.72547293    
  -3.97864366       2.58572125       3.52435255    
   2.53618002      -4.65753031       3.64749026    
   3.95051169       1.44654143      -2.21850276    
  -2.34860754      -1.17261136       3.19071293    
  0.417782664      -9.63840708E-02   1.41636002    
  -1.89408290      -1.08774662      0.403344810    
  0.712356687      -3.04813886     -0.336382896    
   4.69296074      -2.22521067       3.19277239    
  -2.60968971      -4.39569139      0.133226722    
  -3.01026559       4.93165731      -2.28324032    
 -0.297922760       3.60804367       2.53379178    
  -2.44727612      -2.77268028      -3.57353425    
  0.113980420     -0.988333642       1.52152205    
   9.29671973E-02   3.44365764       2.98500752    
 -0.703462005       3.93802261     -0.994937479    
  -4.64027739      -7.38500431E-02  -3.51691580    
   1.24348092      -2.15163994      -4.72445869    
  -3.86431789      -2.43089390      -3.29371142    
  -1.13690650       3.90476823      -2.61213088    
   1.14045262      -2.01343179      -1.40015662    
   1.56616223       4.21378088       3.06635952    
  -2.62625718      -3.27920008      -4.31317186    
  -3.06374645      0.709662557       1.07840359    
   3.10710716       4.54006863       3.36261201    
  -1.64769471       2.06453156       1.87423635    
   2.32377172      -3.60854650       1.43897438    
   2.19861269       4.69109678       3.15630651    
  -1.65801620       1.27577615      -1.69419312    
 -0.567375183      0.470703572       3.10596585    
  0.515776873       3.45737934       1.43224883    
   2.30956435       2.27939558       3.83972740    
  -4.62610960      -2.38978028      -3.62304997    
   1.34662104       2.01184916      -2.86194301    
  -3.54639053      0.810980558       3.50747728    
   4.79037237      -3.56551027      -4.26442814    
  -2.54596782       3.89332318      -3.94304729    
   2.77490306       1.81135547      0.813014925    
  0.539862573       4.35652161      -5.34012504E-02
   4.16202784      0.884411216       3.37944555    
   2.61472750       3.67093658     -0.235575259    
 -0.127171725      -1.02357090     -0.930290997    
  0.248363137      0.322588921      -4.66727352    
  -1.73718512      -2.38965487      -2.49920130    
   1.75634778       2.56543493      -4.84690475    
  -3.86802721      -3.18979692       2.64745188    
   1.48322940      0.185930669       3.25594783    
   3.92497587       4.23699284     -0.167186558    
 -0.469343960      -3.30150175       1.36375439    
  -4.97286177       3.07058644       4.05699110    
   3.29001570      -4.86364508      0.344560772    
  -3.07585144      -4.08336639       2.60088658    
   4.78962708      -3.38103247       4.02939129    
  -3.59314513      -3.66291499      -1.20130062    
  -2.60284615      -3.88394952       3.41053629    
  -4.56580782       1.86021411      -2.30883193    
  -4.68813467      -1.26859283       1.85148466    
   4.28213072      -2.60744977       1.23594117    
  -4.03668594      -1.63725638      -1.96683609    
  -2.82436180      -2.12206316      0.743239284    
  -2.55064273       2.13569570       4.38010597    
   1.86510646       1.25492108      -1.09810328    
   3.57559013       2.30184150       2.64687109    
   2.87777853       2.03086424      -2.50935102    
  -4.57995844       4.05318689       2.59537435    
   4.38102341      -1.70612073      -1.21709836    
   2.42420053       3.03853846      -2.56409168    
  0.112834543      -1.37785625      -4.95529890    
   2.34497595      -4.47392321      -3.93485570    
  -3.12133217       4.38974667      0.202348456    
  -4.04122543       3.02162766       4.66021061    
   2.07508636      -4.09947634       4.89331913    
   1.43824863      -2.32044077      -3.94879079    
  -3.04499865       1.25517488       3.85489082    
   1.54944098      -3.69452715     -0.470864892    
  0.386900693       3.89003706      -3.95771956    
  -4.76731920       8.15487131E-02  -3.03245425    
  -4.43721151       4.12225342      0.519066632    
   2.69709396      -3.52198410      -3.84535146    
   4.68102503       1.14255464      0.177047536    
  -2.50812197      -4.09239340       4.56955719    
  -3.21701384       1.14842594      -3.71068525    
  -3.72570872      -2.98288584      0.467105120    
  -3.86966753       4.00722790      -3.09805918    
  -2.30055952      -1.49218345       4.18087387    
  -1.97377872      -3.47288537       3.44693685    
   2.18530536       4.21591473      -4.21150923    
   3.73660851       4.93057346       4.04188585    
   2.96803927      -2.23546672       1.47110534    
  -3.93781376       3.72749066      0.517010868    
   1.50500846      0.187009975       4.09820509    
   3.79571939       2.98752021E-02   4.95253038    
  0.797903776       4.59041452       2.25890899    
 -0.969012320       3.81769776       1.92956901    
  -2.82114530       1.94858599      -4.19442987    
 -0.417031914      -1.88890970      -1.84896886    
   3.96749163      -2.83632803       4.67025900    
  -3.61271262       2.12131166       3.82730556    
  -4.77889538       2.86712980       4.46059132    
  -3.77214909       4.05467510      -1.68009102    
  0.451621205      -4.71751785      -4.08338642    
   2.41055512      -4.17419863      0.216414571    
   2.24109983       4.57172918       4.40361738    
   3.41940188       2.72516847      0.525101125    
   4.24317408      -3.73451638      -1.78253710    
  -2.27849102       3.63763618       1.23026216    
 -0.591964602      -4.53489685      -3.98810005    
  0.814808905      -2.91855907      -4.00257397    
  -4.66117239      -1.85588491      -2.50545645    
   4.91586208       4.65183830       4.54606056    
   4.58462143      -2.86017489      -3.97741389    
 -0.369376659      0.631582677     -0.176978901    
 -0.940215170       1.07814038       4.72242022    
 -0.550322711      -3.00834298      -2.13074541    
  -3.40753818      -2.96106696       4.09575176    
   1.97266912      -1.20320153       4.41650724    
   3.20823669      -4.83176231       2.10156560    
  -1.38424730      -2.30019784       1.57406521    
  -4.07009172       4.29374075       1.67997742    
  -1.64305544       3.63460970     -0.210619420    
   1.76457775      0.869578838       1.59289277    
  -4.91186333      -1.94746578      -4.82303619    
  -1.11559391      -4.47746325      -3.45190001    
  -2.61258388       1.28107250      -1.15687370    
   3.20235586       2.65458727       4.75439930    
  -2.06396699      0.247536615     -0.102799438    
   2.49936032     -0.393835336       3.79179239    
  -3.48994565      -2.41922379      -4.84856367    
  -3.03682876      -3.80332136      -1.23503995    
   1.40325248     -0.273007631      -1.98670912    
  -3.57581711       4.79988575      0.613243580    
   4.76668787      0.663779855       3.92716408    
  0.358897477     -0.799275577       3.12386537    
   1.62330174      -1.31233370      -3.26215053    
   4.87598515       4.91180706      -2.23070860    
   3.52293468       1.73849463      -1.67631865    
   4.95199442       2.24864435      -4.72161293    
  -3.57628155      0.303298801      -1.41650534    
   2.30206347       4.73325014       1.38460732    
  -4.10887480       1.63033092     -0.424218148    
  -4.14338112       3.87449813     -0.835339904    
   4.05492121E-03   3.32539558      0.799279451    
   3.86894560      -4.56897879       4.70948172    
  -2.19523859       3.93362570       2.25544667    
   3.56389737       2.69373345      -2.03468227    
   4.67207336      -2.43248153       1.72102666    
  -4.64836025       2.52224088       2.32228947    
   3.36915922       2.37016034      -3.87743211    
   1.66917336       4.78562737      -2.92579889    
  -4.43984318     -0.566744089       4.55686283    
  -1.15073776       4.48527908      -2.89292431    
   3.37877846      -1.35679448       6.67072088E-02
   1.46828640      -2.72741890       1.66864800    
  0.905090392       1.14010799      -1.85894442    
   3.81870508       1.17160094       1.90999115    
  -3.63980412      -4.50198746       3.60806370    
   4.21433640      -4.11093712       1.73348916    
  -3.85182953       2.81955910      -4.54858637    
   4.99881411       1.47783983      0.632045686    
   2.25567055       1.06343317       4.55198860    
  -3.22181010       3.39170241     -0.501304686    
  -2.16280818      -2.30684590      -1.51693726    
  -3.56547666      -3.36136079       3.70550990    
 -0.748769224      -2.31336427       3.45820069    
   4.57465458      -3.87863588      -4.20152712    
 -0.979814351       2.29405427      -1.82104540    
  -2.03428221      -1.64948630       1.78455925    
  -2.76073194      -3.38595629       3.58387113    
   4.59446096      -1.51317644      -3.35138154    
   1.05914781E-02  0.212084010     -0.997148454    
   4.90510941     -0.540839493      -2.45793104    
  -4.38160563      -3.93711591       4.04347324    
   3.50849199      0.326680630       4.30310297    
 -0.472670078       1.54727495       2.92068839    
  -4.71114397      -3.12901998      -2.95132375    
  -3.77061892      -4.07292032       4.15800667    
  0.328835547       1.99882638      0.994644761    
   2.46058893      -3.10795021       3.33491588    
  -4.27352476      -3.56201744     -0.144184217    
  -2.93499303      -3.28857374      -2.20776582    
  -1.43489969      -4.56293678       4.69781542    
   4.47113752      -3.85415435      -2.11209202    
  0.145678475      -2.14587092      0.885236382    
   1.01586819      0.344795078      -3.69247049E-02
   7.14083165E-02   3.00279093      -2.84280515    
   3.73658538       3.02522326       4.50647211    
  0.323601216       1.21749341       3.08354926    
  0.857818902      -4.64982939      -1.65599489    
  -3.82978487      -3.57768297      -2.43678331    
   3.20523691      0.288642049       3.41018128    
  -4.20348883      -2.70734406      -2.02723217    
  -2.83864379      -3.65300345      -2.72477126    
 -0.560598254      -4.97576857      -1.55384910    
   4.98271370       4.84386683      -3.20728278    
  -2.36376452      -3.08612370     -0.976702571    
  -4.36591911      -2.43444109      -1.51309025    
  0.673900962      -3.17541838      -4.51219749    
   2.94192266      -4.01988697      -1.27249670    
  -2.68595314       4.35466290     -0.634865880    
  -3.56068110      0.401666850      0.143715575    
  0.800378561       2.32857800       1.32883883    
   3.43149471       4.65768528      -3.81045651    
  -4.72712851       2.11146325E-02 -0.550653517    
   1.67648947      -3.64377117       3.07024360    
  -4.89653111      -4.40316439      -4.66825771    
  0.285413802       1.15274549      -1.67026937    
   3.07094669       1.80641091      -4.76380014    
   2.38772917       1.06266046      -2.33314157    
   4.45990515      0.775336266      -4.80750656    
  -6.25465214E-02  -2.54661679       3.31447124    
  -3.78819132       4.73839808       3.54332924    
  -2.61477709       2.77703643      -1.87590086    
   2.94314337       1.75196779       3.08115339    
  -4.54507637       3.66856456      -1.46234858    
  0.931641042      -4.27631140      -4.00956631    
   4.02055502       2.77979779      -1.46861422    
  0.117717668       2.34684443     -0.369964868    
  -4.88206673      -2.01509833      -3.07829547    
   3.70937443      -2.97594500      -4.54396534    
  -1.08566225      -3.99804807       4.33261919    
  -1.78191566      -2.32864308       3.06554937    
  -2.47161102      0.810008347      -4.84641552    
  -4.19327402      -3.33138657      -4.96225309    
  -2.16261625      0.139010265      -2.22277308    
 -0.175747678       1.88537490       3.21954894    
  -1.95651317      -2.31896782     -0.859775305    
  -1.86083078      -1.03465629       4.97193289    
   4.32118845       4.28372908      -1.57553530    
  -1.14008880       3.46818781      0.671485305    
  -3.98234749     -0.827734232      -2.54963493    
  -3.76269603       1.97145152      0.523726046    
   4.88681412      0.623309016       1.20266747    
   1.60174704      -2.16861224       1.15113080    
   3.32625580      -2.50951719      -3.21363544    
   2.31775904      -3.52703643       1.99782658    
 -0.113049813       1.76182258      0.733861387    
  -1.93556416      -1.73412776      0.744649768    
  -4.43723679       4.32000446       3.80515909    
   4.37993240       1.00463307      -1.77152944    
   1.50094438       1.71965873       4.59402990    
   1.35397911       3.58832788      -2.53631735    
 -0.671579123      -2.76986790      0.734585822    
  -1.73614907       4.30201864      -2.04354548    
   3.53590101E-02   4.67042398      0.786286831    
   1.05241668      -2.69195223       1.99531817    
   1.25651562      -4.25737143       1.51012218    
  -4.66766739      0.139760599      -2.76335597    
  -4.97080994      -3.60330391      0.311861247    
  0.783926487       2.65574050      -2.50322962    
  -2.22416854     -0.276478648      -2.71903563    
   3.00577736      -2.47081590       4.01429944E-02
   3.87295341      -3.12120366      -3.87365603    
  0.104334727      -3.87398934      -3.30506516    
 -0.102503888      -1.23779380       1.81653821    
  0.833038211      -2.87557769       1.39273155    
   4.27516747      -2.83692670      0.896981478    
  0.881790936      -4.51567793     -0.123195991    
   2.15652919     -0.355294317      -4.95260143    
  -1.26914835      -3.80049157      -2.52487969    
  0.147241279       2.45517302      -2.20641613    
  -2.15079236       4.19327736      -2.04635382    
 -0.537032723       1.23986876      -2.02993107    
  -2.03434920      -3.28079700       2.50544333    
  -2.42265010       1.00016820      0.323049426    
  -4.58169842      -2.51009822       3.21914673    
  -2.95842123     -0.509162962       2.18110108    
  -4.87921095      0.708870590       2.17248106    
  -3.91504669      0.255145639       1.15640080    
  -1.50978279      -3.74393129     -0.988467991    
  0.766154885      -4.85480022       3.81639600    
   2.32613921      -1.83305860       3.95932698    
  -2.76252508      -1.17752635      -3.07340074    
  -1.34048295      -1.50183129      -1.25871968    
  -4.98371315      -3.56451797       1.82316792    
  -4.44244719       2.64006996     -0.720493138    
   1.30904400      -2.96643519       1.36074662    
   4.81158257       2.44205213     -0.760911286    
  -3.10104847      -8.52906629E-02  -3.60282803    
   4.20098162      0.931327879      -3.35373211    
  0.872285008       3.58149886       3.53831887    
  -1.11101198     -0.653033614       4.71226454    
   4.04093599      0.275250614       2.99939489    
   1.03344667      -4.82887459     -0.396412462    
   4.36063528       2.46902370       3.73764300    
   3.54447579       4.36532497       4.36327314    
   1.30322433      0.549488723      -4.92648602    
  -1.37139142      -3.67897964       1.82177019    
  0.910070598       3.13903904      -3.78296518    
  -1.99927902      0.147510573       2.73885798    
   2.12283754      -1.98533404       5.03464416E-02
  -1.95228851       4.43069267      -4.34739256    
   2.18232775       1.18123209       2.93886018    
   1.65669608      -3.18909883      -1.09714091    
   2.40527129      -1.08390725      -1.32461131    
  -2.50875330      0.796910048      -3.20167398    
  -2.83749962       1.02522802       1.92431068    
   2.36331367      -3.68900895      0.557059824    
   2.28083014       2.59180379       2.63154483    
   3.11410236      -4.25556850      -5.12539223E-02
  0.313973546       4.33479452       3.78229856    
  -3.31080627     -0.887468100      0.312553108    
   3.48735237       4.81925869      -1.83327091    
   3.20174074      -2.05568337     -0.966048896    
  -2.00102234       3.03586173      -2.52590752    
  -4.32009697      0.861534297      -1.29050720    
  -4.97569561       4.87811947       1.50873542    
   2.81977510       4.95154047      -2.43146372    
  -4.78817368      -4.86679459      -3.78205585    
  -1.79284930       1.44525445      -3.06468058    
  0.502476335      -1.67323911       3.64300847    
  -3.90825391      -2.95489693     -0.737179816    
   3.00052142     -0.392357707       9.26999226E-02
   3.78542757      -1.97474408       4.25064039    
   4.68892908       4.44343662       1.38899159    
   2.60149765      -1.26954448      -4.94906712    
  -2.70798945     -0.417816132     -0.188549489    
  -4.81091928       1.84030247       4.19591522    
   1.63492644      0.579553604      -4.16999960    
  -2.76007175      -3.62319636      0.645095706    
   3.78211188      0.273363143      -2.81041694    
 -0.465539515      -3.76903915       4.23193121    
  -1.04060078      -1.22512031      -2.47619104    
   4.86531258      -2.86796737      0.226208463    
   3.46594477      0.246314675      -1.22007692    
  0.612044752      -2.70600724      -1.81401873    
   2.42681766       3.28432178      -2.40524530    
  -1.60127664      -4.75908756      -1.89590752    
 -0.506961823     -0.595285714       2.98078561    
   1.86572659      -1.32736111      0.963649690    
   3.91842937     -0.671056151      -1.15916967    
   4.50327253      0.347412586     -0.416135848    
 -0.714240730       2.86091137       2.54960060    
  0.222741351     -0.385333866     -0.201529384    
  -4.79171371       3.02331543      0.628761947    
  -4.93403959       3.85447812      -1.04234993    
   1.87193096      0.709737659       2.47752023    
  -3.33605719      -3.85156107      0.641462624    
 -0.545016408      -1.67148936       2.82849979    
   3.30593753      0.926249504     -0.338314980    
  -2.13354135       1.01745808       3.78452539    
  -4.02064133      -2.02393460      0.124169759    
   2.39082670       1.51011240      -3.08651114    
  -2.76077294       2.75642991       4.30023670    
  0.920253038      -4.58145428      -2.66090584    
   3.47030926      -2.43875360       4.55230045    
   2.94186926       4.28770638      0.611546457    
   3.13084555      -2.87510729       4.54882956    
 -0.745106280      -2.33505654       4.84122849    
   2.87997317      0.365625143       4.66944122    
   4.24563217      -3.76775122      -2.06084538    
  -4.28020954      0.734212399      -4.20954657    
   1.73761773       1.09418476       3.53525972    
  -1.13469541       2.28378868       1.30815721    
   1.23248672       2.45868731      -4.34350443    
  -2.66763449      0.620100260     -0.673650563    
   1.81253219      -4.48259592      -1.59618950    
  0.266502023      -3.97808790       1.90191472    
   3.20822191      -1.66450310       3.32474089    
   4.01731348       2.07551765       1.68317974    
  -1.35765767       1.10066390     -0.239753395    
  -4.21397638       1.17296958       3.74276042    
   1.52994514      -3.47335711E-02 -0.728153467    
   3.15373373     -0.389834255      -1.69878685    
  0.697886348       3.56393456     -0.373866826    
  -4.61593199     -0.545261264       3.74323106    
  -4.04345417      -2.89647698      -1.00659394    
   2.26000237       3.69000697       4.09789753    
  -4.72129059       3.14012527     -0.615133643    
  -1.62584209       3.05117297       1.91842699    
  -1.93407869      -4.82534695       1.52437484    
   2.89837193       1.69034791       2.22561955    
   2.12056112       4.87166262      -2.07452917    
   2.06212330       1.37512171       2.40576577    
  -2.03474832       4.50968122      -3.04033947    
   3.63321614      -4.56339121      -1.71758711    
   3.60765171       1.91490996      -4.77964544    
   3.77943110      -3.28888106       2.86487222    
   4.79127169      -4.82301283     -0.903440416    
  -3.87007308       9.15289000E-02   3.24354720    
   4.62485790     -0.721409440      -1.19931602    
   4.18649673       1.94160008      0.671292663    
   3.94430113      -1.23154318     -0.533886671    
   4.05940056      -1.99076366       3.22050619    
   1.04190028       1.05313921       3.85497904    
   1.56291699      -3.30602813       4.65976334    
  0.811916292       1.36046004     -0.675787508    
  -2.30033898      -3.55320549      -3.68494582    
  -1.15031266       3.81309342       1.20541191    
   4.60863686     -0.282238662       1.25183868    
   3.27673244       2.00556850      -3.59630680    
   1.21055520      -4.76443386       3.78811121    
  -1.02302575     -0.683614612      -1.45281577    
   3.68086147       3.15681791      -1.10581875    
  -1.84409416       4.94596577      0.240815297    
   1.71413040      -4.79833126       2.56813097    
   4.06081200       4.75233936      -1.53960335    
  0.274464428      -4.72903681       2.69769788    
   1.53157616       2.05536294     -0.951609612    
  -4.06396580       3.67628193       4.32228613    
   1.35584712      -2.79846644       3.87932801    
  -2.17792654       3.07722521       3.03719759    
  -1.47119713     -0.468696207       3.17025447    
  0.841397882      0.343370140     -0.521921873    
  -1.04962409       4.19954824      -3.69358015    
  -2.77431583       2.41418791      -3.32881856    
   4.79396097E-02  0.957974195      -1.87822044    
   2.96537590      0.881103039      -3.35989332    
  -2.31531048      -4.60691500      -1.04697585    
  -1.47001159       4.24438000       2.60824776    
  -4.58781910      -2.51251960      0.140428469    
   1.70711386       3.91544962      0.218063787    
  -1.30282259      -2.70480824     -0.423962027    
  -1.84607542      -1.69984746     -0.723078728    
   4.35025644       2.96832204      0.193309754    
  -2.31288671       4.02185535       4.53892088    
  -4.74157000      -1.22039247      -1.97504437    
   3.43251991      0.306873560       2.48038578    
  -2.76541066       2.16317892      -4.76232290    
  0.694355309      -1.99484098       2.68396425    
 -0.205940038      0.238396496      0.572938442    
   2.27452517     -0.915686607       2.47272396    
 -0.262326986      -3.68192124      0.545407176    
  -3.27160931       2.21563840      -4.02677822    
  -2.00478554       3.55742598       3.81020713    
  -3.23762488       3.28825212       2.93274212    
  -2.77441072      -3.84742045       2.31614447    
 -0.303976715       1.07318962       2.25899506    
   1.27811849      0.893655300      -2.73680091    
   2.33487058       4.75629091     -0.943450928    
   3.06291628      -3.79494882      0.586769223    
  -4.66666508       1.43265676       1.84099972    
  -1.82103968      0.295604616       4.14567137    
  -2.82636595       3.69358540      -4.09974051    
  -4.40325594       1.45111072      -2.47574639    
   1.94458246      -4.70158482      -3.77975154    
   3.35291195       1.64221990      -4.14166641    
  -3.25240135       1.68676794       4.75341320    
   1.51330233      -1.77268791       3.54236627    
  -4.18385410      0.523525000       2.79269838    
 -0.531122684       4.13303709      -2.87470245    
  -2.00843859       2.35253096     -0.784390092    
  -4.84744215      -3.89607358      -1.29125142    
  -2.76190829      -4.98800707      -1.54869652    
   3.84019375      -4.48926640       1.14508998    
  -2.61416483      -1.96996629      -3.84991241    
   2.69662738     -0.109957986       4.07507849    
 -0.533596575      -2.60906076      -4.12675714    
  0.884572268      -1.29096127      -1.92934155    
  -2.12281919       4.27139139       2.24202108    
  -4.64218616       3.11296034      0.967525244    
 -0.785055280      -2.39054132      -2.87926006    
  -2.86875296      -4.51123333       4.90008974    
   1.89270747       3.09191442       2.42862868    
  -3.64178801       3.65318727      0.962993741    
  -1.68489361      -3.81556416       2.24700022    
   1.11236203      -1.16372550       4.64381981    
  -1.41689801       2.92468882      -4.61711884    
   4.43555355       4.90622139       1.61948729    
 -0.531493783       1.78488779       1.93164551    
   2.85714102      -2.59489918      -1.79336596    
  -4.11743927      -1.33698499     -0.675339282    
 -0.833211124       4.03315020       1.14912784    
   3.52415538      -1.40083623       1.27078164    
   3.67272854       1.92957985       2.37016439    
  -1.10494423     -0.317510337      -1.51359034    
  -4.26396465       2.04663491      -3.36203980    
  -1.11945808      -3.05193734       1.74186385    
   1.76410842      0.221496001      0.858754814    
   4.52260399      -2.52718425      -1.58789420    
   1.07787192       1.71759367       2.38685727    
  -4.13040876       3.47673655     -0.373154223    
  -4.05137348      -1.03490448      -4.26158810    
   3.14232731       4.96107054       3.04327679    
   4.31550646       4.86515951       2.77396131    
   4.35833120       2.92495561      -3.72537947    
  -4.54853010      -3.81168103      -2.74595857    
   1.15832758       3.14431071      -4.71856546    
   2.23777890      -2.60481977      -1.51699710    
  0.643893361      -3.01272774      -4.08163166    
   1.04373813     -0.826422930      -4.24407101    
   1.80278790      -4.91909456       1.18324625    
   3.42806554      -4.09274769      -2.82753468    
  -3.21419954       4.94167280       4.48079586    
  -1.27526164      -3.24830294       4.02303886    
  -1.78605092       4.54558420      -3.88977170    
   2.69503856       3.00877810      -3.87015533    
  -1.52683020     -0.359951854       1.34025753    
  -2.21199965      0.548320532      -4.99049091    
   4.47433043      0.872471988      0.671437740    
  -3.70347476      -4.85837889      -3.50652385    
  0.444196850       4.72319841       4.67264032    
  -1.11489344       4.82826185      0.517413497    
   4.98394728       2.21430945       4.32082750E-02
   2.74364853       3.00128984       3.42371488    
   3.25694418       1.62683761     -0.409628779    
   1.08093321       2.15341520      -1.95181763    
   1.99910009       3.48461103      -4.68775368    
  -4.56682110     -0.455414355       2.43679357    
   3.14121175      -1.33277917       4.32320499    
   1.96781206     -0.388935000      -2.36705637    
   3.52843595       2.62351322       3.41468930    
   3.84295511      -2.09971285      -2.81134176    
  0.994508028      -1.64553106       1.93982422    
   2.95130539       4.20504284       2.38287783    
   3.71946263      -1.05100989      -2.05633974    
  -2.06114697       2.68029714       1.29745293    
  -4.01616669      -1.55197716       4.45893621    
   4.09754086      -1.81164968      0.964606404    
  -2.77587652      -3.94802427       1.34914577    
   1.92931843      -3.95441198       3.61439252    
  0.973771214      0.611935079      0.796271861    
  -2.17953944      -1.37231958       4.25845766    
  0.608850539     -0.703496099      -3.04412961    
   2.11655211      -2.51649618      -4.69327593    
  -4.41291952       3.85439157       1.53082848    
  0.363945574       3.76502633       2.49475932    
  0.861712694       4.87654591      -1.07583427    
  -4.83690405       3.08182073       3.45746446    
  -3.76633501       2.08629751       2.29895592    
   3.07329798       3.93035722       1.85207939    
  -1.45770121       4.54532814     -0.380207062    
   1.43498230       1.08660924     -0.659522355    
   3.12203717      0.975179553      -1.32925415    
   3.28370643      0.290199846       1.40360785    
   2.61166739      -1.02870989      -4.08780050    
   3.35105920       3.08361483       3.12582088    
   2.32875896       1.80282009      -2.28617191    
  -4.52961826       4.90436029      -4.89081335    
 -0.926705897      -3.11161494      -3.65765858    
   4.01574039      -4.25584984     -0.719801128    
  -2.32074976      -4.19729424      0.833227277    
  0.431715250       2.26706362       3.39922881    
 -0.469300807       2.98507047       4.56740141    
   1.03974998       1.11988997       2.53909373    
   1.17150998       4.09243870       1.49737954    
   2.01347136     -0.630168617      0.215312034    
   3.64238358       1.09281492      -4.66098356    
  0.197784424      0.130121469       3.63577294    
 -0.776806116      -3.35943151       3.74231696    
  -2.19568467     -0.593363404      -4.73440552    
  -2.16793942       1.81544065      -4.41550064    
 -0.581275105       2.42100215      -4.42662430    
   2.79394650     -0.152347982      -4.34513569    
   3.64797115       4.13268423       4.97797489    
   2.56717348       3.88916779       4.84623766    
  -2.51892376       1.98139369       2.13812828    
  -1.62045038      -3.66268682      -4.48922253    
  -3.44304331E-02  -1.36506104       3.44360805    
  -2.90715265      -2.11326981       4.85362244    
   2.88535213      0.127828568     -0.353821486    
  -3.64538717       1.58234382      -1.20928359    
   3.61318588       1.38262284       3.81153393    
 -0.142021775      -3.52765369      -3.41490769    
   2.27936387      -2.42505527     -0.360487759    
  -1.41263068      -2.22625828      -2.04665089    
   2.43740916      0.768559217      -3.73212528    
 -0.207987115       3.87391758      -4.13970804    
   4.06286764       3.50525022      0.824478626    
   2.21152329      -3.71193123      -1.88053083    
  -3.26072431       4.61944389       1.51078451    
  -4.70631838       1.93087518      -1.48268628    
  -4.77577019      -1.82387483       4.85696220    
  -3.75572586       1.41822851       2.06681061    
  -2.75398612      -4.77634573      -3.95986748    
 -0.847605288      -1.62965429     -0.795707226    
   3.88767290     -0.807065725      0.728923321    
   4.35038185       3.93656397       1.30039859    
  -3.77343965      -4.69837570      0.852813125    
   3.01422977      -1.82532513       4.90357828    
   4.87468767      -1.66266835      -3.84574604    
   3.99615169       3.08966112      -4.59311914    
  -3.41646814      -3.08609509      -2.87024570    
 -0.634744644      -3.78784108      -2.35047746    
   3.87450266     -0.629134834       2.52259779    
   4.37209940       4.84360695      -3.56323981    
 -0.716311038     -0.935370862      0.873363495    
  -1.14128208       2.79173684       2.40411115    
 -0.827442646       1.85503209      -1.12472272    
  -3.81896281      -1.75770772       2.70976686    
  -2.36597610      -4.88538265      0.970684528    
   1.20315325      -1.34383786     -0.573075831    
  -3.37291121       3.68070316      -1.44935429    
  -2.16020441       4.18832541     -0.690706074    
   2.74659324     -0.345057756      -2.44996262    
  -1.64769447      -4.53657961      -3.21134424    
  -3.05500722      -2.33747101       3.03904200    
   3.67968822      -4.37175417      -1.29744315    
   1.64267540       4.10351467       4.71970892    
  0.443624139      -2.70030355      0.297319263    
  -2.47659063       1.58046305       3.07911634    
 -0.536220253       2.36553860      -3.16093326    
  -4.37592411     -0.162730366      -1.71306825    
   3.75162458       4.37526655       2.65348935    
  -4.05167490E-02  -4.04366541       1.64149749    
  -3.64666820      -1.58599198       3.61381841    
  -3.75121784      -4.52200079      -1.78150630    
  -1.46689975      -4.92220306       1.23192680    
 -0.718657255       1.83033192      -2.89285231    
  0.626429856      -1.19417703      0.381520897    
  -3.24020314      -2.80076385      -1.85692680    
  -1.55740368     -0.128305793      -3.54499340    
  -4.76021719     -0.891735733      0.602087319    
   3.65787911       3.30535674      -3.29391956    
 -0.920402646      -2.53254175       2.52119493    
   2.07216597       2.06335711      -3.78151464    
  0.911771417       1.26661026      0.933355451    
   2.51469493      -1.56173253      0.408482075    
   3.16677284       4.57994938      -4.82872915    
   3.34533477       4.73521900      -3.23193383    
  -1.16357529       1.64482141      -3.75099683    
   4.54177332      0.925671518      -3.54300094    
  -1.91548228      -2.41516089       4.89677143    
   1.37204993       2.98112202       1.94443095    
 -0.448748708      -3.04092503       4.98270035    
 -0.654134095     -0.446558654      -4.71564484    
  0.601400316      -4.20736149E-02   4.54490709    
  -4.57784128      -2.33370399      -4.62282658    
  -3.04528356     -0.669405937     -0.440840751    
  -4.03446102      -3.16179609      0.904060125    
  -1.89015698       2.52906418      -1.36276388    
  -4.21457005      -1.34385765      -4.04398012    
   2.43527555      -3.07009482       1.53279281    
   1.48977077      -2.11774516       4.51036024    
   3.99903679       4.46760130      0.287373841    
 -0.253536463       3.92529774      -4.84141636    
 -0.884522796       1.95250654     -0.276968241    
  0.285077214       3.13210726      0.346371680    
  -1.46939445     -0.914987087      -2.87769175    
  0.193036810       3.07989307E-02   4.18482065    
   2.30070281      -1.45981956       1.75603974    
   1.36869979      -4.20629644      -2.94584775    
  -3.26580453       3.99001408      -2.30824208    
  -1.52789801E-02  -3.06277037       4.27373314    
  0.435862541      -1.26474118     -0.830003142    
  -1.40714121      -1.84981382       2.95855188    
  -2.48191881      -1.83793020      0.442602783    
   1.42626393      -4.12644482      0.164971814    
  -3.28736711      -4.26177692      -4.12824202    
   4.65013838       2.39023471      -2.66732931    
  0.731867373      0.936322868       1.73646295    
 -0.518537700       2.56722355      -1.84285152    
  0.433182865     -0.452487141       2.68620920    
  -3.68285608       1.19947088      -4.39457989    
  -3.63393426      -1.18384111       2.88808560    
  -4.49157572       1.38058257      0.743047953    
   2.25970364       1.44055939       3.94251657    
  0.814857423      0.869321465       2.64676595    
  -2.35739851       3.13452125      0.511252999    
  -4.25048733       2.78809094      -1.79633403    
  -2.01856446       1.21510448E-02   1.87334645    
  -1.64413905      -2.64552808      -3.90890241    
  -3.50670981       4.36342573     -0.525184155    
  -4.60916901      0.614303231      0.736665249    
  0.337636590      -2.04601717       2.40252447    
  -2.95460510       3.03869128      -2.10021281    
   4.49061489      -2.43337536      -1.15838099    
 -0.302682370      -4.76532936      -2.66968346    
   4.70749474      -3.25534201       2.13700914    
   3.45088530      -2.78886271       2.44264793    
   3.51550150      -4.73292494       4.04499531    
  0.175114185       4.19549751      -2.43272042    
  -4.09391928      -4.50042200       4.49908018    
  -3.34675574     -0.995887995       3.95970988    
  -1.76653600       2.17516041      -4.24583673    
  -4.51080847      -1.73616874     -0.876494110    
  -9.20662358E-02  -4.49185896       4.63344908    
   3.47698975      -4.39377880      -4.04161930    
   3.18828726       3.96960163      -1.84304905    
   3.69407558       4.92399454      -2.93382454    
   3.34957695      -1.23410213       1.69706368    
  -1.10805118      -1.16947150       2.71571040    
  -3.69050956       2.85851312      -3.22080636    
  -3.59526372     -0.813191473       1.43024766    
  -1.15686715      0.467766345       2.10016751    
  -3.34897208       2.66407418     -0.781112909    
   1.41799629       4.54675055      -4.23975563    
  -3.52308655     -0.656644702       4.70770264    
   1.23542607      -3.05558920     -0.166146353    
  -2.84835601      -3.00631285     -0.403658032    
   3.19968581       1.99771965     -0.619929433    
   3.79861712      0.263131082       1.18289852    
  -3.98895121      -1.27380228      0.927910209    
  -1.26343369      -3.96846294      0.122382030    
  -1.35795736       4.61398363      -4.71634197    
   3.80956340       3.90653443       1.57450640    
 -0.664156795       3.35922217      0.748686552    
   3.58583188       1.59611058      0.708281577    
  0.207691550      -2.54164076     -0.958805144    
  0.714892209      -1.46258616       2.57341480    
   1.29026890      -2.26859331     -0.659577966    
 -0.970250845      -4.97695589       2.59911489    
  -4.26664782       2.66378593      -2.58858538    
   4.12821722      0.629400015      -1.96659267    
  0.582298219      -3.69509888       2.72949219    
  0.290123910      -1.38324177      -3.71891284    
   3.98019099      -3.44895697      0.353588045    
 -0.452324301       4.36867762       4.15222502    
   2.56185365     -0.723663390       1.47829127    
   1.01464915       2.25814939     -0.732805371    
  0.567417026       4.00170374      -2.15356636    
   3.47827888       4.73074007     -0.831865311    
 -0.857108116       1.16363120      0.923754513    
 -0.455199212       4.96094513       4.80839443    
  -4.99852419      -1.03548539      -3.36071253    
   1.80341542     -0.753044963      -4.84282780    
   1.50762701       2.11217627E-03   1.49316442    
   3.08868885       2.71711636      0.273942649    
   2.49268077E-02  -1.92917740      -3.08585763    
 -0.291670024      -3.45625257      -1.38113940    
  0.461648107       4.94246864       1.78871572    
  -4.91185617      -1.53555667       2.96201944    
   2.55033779      -2.46259272E-02   1.48326600    
   4.71809053       2.42961693       2.49849701    
   4.68489408      -3.59945726       3.73028207    
 -0.234983653       4.39631891      -3.69107294    
  -2.69022346      -3.10551405      -4.91186905    
  -4.13536215     -0.293006420     -0.759556532    
   3.16338420      -1.30434275       8.38997401E-03
  -1.60988629      -1.67092645       4.06432390    
  -3.70869613     -0.245728165      0.197033852    
  -1.64039171      -2.27180457       4.84873819    
   1.90091991      -2.62794137      -2.76117039    
  -1.07992136      -2.04434943       4.70184040    
   4.72963095      -3.11867261      0.556642175    
  -3.30624700     -0.723124504      -2.12796068    
   1.17555845       4.03587961     -0.231289953    
  -2.40115499       4.49311161      -3.39011264    
   4.36142540       2.04953384       3.29786468    
   4.33388376       2.72908330      -3.66049242    
  -3.13774729      -4.51475191     -0.874969304    
  -4.21312046       3.06129885       3.42554665    
   2.85333443     -0.656385183       3.42070389    
 -0.889813781       1.85766876      -1.59869170    
  0.686873078       4.04949045     -0.568776369    
   3.94740415      -3.07901502       2.02759004    
   2.11092401       1.23469210     -0.218949139    
   3.55207229       4.00612974       1.30752027    
  -3.32724881      -2.28018808      -2.30524850    
   2.35866284       1.05155170      -4.91017008    
   3.82724380       2.24658227       2.10776734    
  0.386247844       2.05908775     -0.579134524    
   4.80879927      0.324910671      -4.44451904    
 -0.920793355      -4.56064892       3.68916702    
   2.81635070      -1.67429650      -3.17570615    
  -2.08000231     -0.954461753       1.38429368    
  -2.73616958      -1.33090818      -1.63160121    
 -0.673619330      -4.80305243      0.340019673    
 -0.104548842      -1.53154147      -1.56224346    
  -1.57887352      -4.09174919      -2.74704623    
  -4.06964254       4.70764017      -1.43858039    
  -3.55251980      -1.95930541      -4.37805414    
  -2.59740424      0.245398492      0.232092068    
  -1.92260957      -3.26483512      -2.46253514    
  -1.12160683     -0.690979183      -3.94262099    
 -0.221397907      -3.86252522      -2.19497848    
  -3.46321607      -1.93013287       1.69492793    
   4.32300758       3.20036459       2.31935525    
  -2.15619840E-02   2.34136701      -4.09172153    
  0.959119260      -2.28059030       3.76489091    
 -0.568020344      -1.33927608      -3.67707634    
  -4.96596813      -2.88039446       2.56246948    
  -1.13480151      0.508206487      -2.50997210    
  -1.55237961      -3.09092188      0.189989567    
   2.76809311      -3.60398650     -0.737923920    
   4.94089699       3.15461016       1.66940844    
  -3.55803156      -1.83501863      -4.93046618    
   4.37277603      -4.75565624       3.65874290    
  -1.73400736      -4.32171249       2.57242417    
  -5.16428873E-02   4.96267748      -4.37993479    
   3.95621014     -0.470644057      -3.42115545    
  -1.92019725      -1.15864348      -2.57241821    
  -4.87728262       3.94000030      -2.89901066    
   3.77529526      -4.32239914       1.70062685    
  -3.47094631       2.96244311       1.81415641    
 -0.764032125      -3.67921472      -4.48372984    
   1.50863338      -4.47654772       4.23512650    
  0.431121916      -3.40145612       3.77326298    
  -3.49154902       2.13279605       3.34917951    
   2.59294844      -4.02868167E-02   2.45136786    
  -1.99867713       2.53584933      -3.43256164    
  -1.64781356       2.89438653       4.68910456    
  -1.51556587       2.14933801      0.570668161    
  -4.09191799       4.94606495      -4.99034500    
   4.82855511      -4.10265732       2.50705218    
   1.61182463       2.02004814      0.947269976    
  -3.45774126     -0.608927548      -4.32028055    
   4.62321234      0.594591737      -1.53222597    
   1.28208923     -0.521210074       3.65225005    
  0.477608740      0.813056052      -3.80926561    
   1.88056624      -1.51997793      -2.23950243    
  -8.86520445E-02 -0.326690733      -1.83279526    
   2.33483195       1.20288658      -1.26864469    
   2.61903787      -1.30522728     -0.679351032    
  -1.17024362      -3.22667122      -1.71415269    
  -4.73941135      -3.72922444      -4.00602818    
 -0.542163014      0.999884665      -1.08606422    
   1.88715708       3.03719878       2.50449347    
   2.40181065     -0.770825267      -3.64645743    
   1.57664347       1.07729697      -2.58318877    
 -0.577673078       4.39038610       1.56439793    
  -3.40069771       1.81351960     -0.828828871    
  -3.03230858       1.27099776       2.95940924    
   4.76864624      -2.96442032      -2.31588554    
   3.28262711       4.06046963      -2.21902466    
   1.61967170     -0.451711357     -0.432013184    
  -3.71585178      -4.57141209      -3.39039302    
 -0.719641566      -4.47602844       1.86622131    
   3.82111764      -2.98705387       4.03611279    
 -0.483079523       2.50073576       1.10604489    
  -3.10862780      -4.22718430       1.41128457    
  -2.12028837      -4.68936110      -4.83142233    
  -3.31574082       4.18600035       2.68650651    
   4.89261818       2.81501961       2.96259046    
   4.29003859      -1.44196546      0.276942044    
  -4.35633135       2.00742531      0.752600849    
  -2.40377831      -4.17785215      -2.25662971    
  -3.95109677      -3.12136722      -4.93559217    
  0.276562691       3.99695873      -1.71868038    
   2.34958577       2.22135067      -3.93380117    
  -1.71470392       2.85576677       3.57878184    
  -4.40728045       4.89304495       2.62416959    
   4.56956196      -2.00142145     -0.367115200    
  -1.17992771      -4.36484909       2.19393849    
   4.86418390      -3.31014156      -1.13441241    
   6.70722723E-02  -2.12167931      -3.76532769    
   6.34427220E-02  -4.75590563      -3.17461300    
   2.26453567       1.71079338      -4.43472767    
 -0.340100259       2.76595664      -3.04577374    
 -0.467647851       3.27492857       3.45154881    
  -4.98455620      0.749263942      -2.46486974    
   2.20490193      -3.40864205       2.50797820    
   1.10334158      -4.06614876       4.86428976    
   3.81312799     -0.765863419      0.913857222    
  -2.73460555      -3.42723393      -1.59091365    
   3.33322120      -1.31174147      -4.41953468    
  -1.23959231      -3.29319739      -3.80063295    
   3.58355975      -3.87979054       2.77281380    
  -3.73584199      -3.61953139      0.267076641    
   2.93853879      0.419910848      -2.71000719    
  -1.21787345      -4.64325857      -3.02352834    
  -2.12869954      -3.00283122      -3.89669394    
  -1.37032855       1.87290418      -2.73311114    
  -2.88626361      -1.65208232      -2.55837846    
   3.99976873      0.602648973       4.18314695    
   3.48586297      -3.71843719      -3.48452711    
  -1.65874708      -1.41266322       2.20557046    
   2.15694308       3.06561923      0.580825210    
   3.52482677      -3.01770592      -1.80554378    
   1.26321197      -1.70290852       9.12380889E-02
   1.09562290      -4.25325871      0.669941902    
   4.31146336       1.56875241      -1.05682075    
   4.74680376       2.51993227      -3.27318048    
   3.54247189      -4.50149536       2.64434505    
  -2.75072598     -0.155653983       2.27877188    
  -1.59190357       1.92065048      -4.36470652    
   4.02475739     -0.178804740      -1.26151812    
   4.68327999E-02  -3.20597482     -0.411927402    
   3.84293246      -1.53619385      -1.84135425    
 -0.691932440     -0.284455121       4.53979063    
  -1.81901407       1.22602415      -3.71600366    
   4.31471205      -1.55454326      -4.40375471    
 -0.600556970      -3.79521418       2.96462989    
  0.312160194       3.47721267      -3.03375912    
   1.67064500      -1.47713196       2.04741669    
  -4.29164743       2.30552316       2.40989280    
  -4.59580517       3.69547868       2.06751370    
  -2.79096866       2.92520666       3.29938054    
  -1.49099386       3.49131489      -3.58099961    
  -1.48241282      -4.50006437       3.38388205    
  -1.08567214      -3.91163325      -4.74136353    
   1.44233453       3.06033182      0.304558158    
  -4.10432291       1.36602688       2.60868239    
   1.25424337      -1.71156347      -2.18086720    
  0.226534784      0.466732711      -2.89810181    
  -2.13836551      -4.30488682      -1.84288085    
   4.65451479      -1.69632268       3.33412576    
   2.58613777      0.198577419       3.28977036    
  -3.46361136      -1.87283969      -3.53284478    
   3.39208937      0.752904713       1.44288051    
  -3.64029860     -0.747566581      -2.77522802    
  0.784315586       2.17117906       6.81293756E-02
   1.01223218       3.42309260       4.12060165    
 -0.838719487      -1.09370172      0.866812170    
  -3.97015333      -4.29678917      -2.74754620    
  -1.28208804       3.29730535      -3.13686967    
   4.92624044E-02   3.13218641      -1.25947547    
   3.22728062      -3.69117451       4.17554951    
 -0.512086332      -1.00355077       2.24029756    
   4.40918589       3.73429608       3.56163931    
 -0.331269681      -2.35922742       1.27588582    
  -2.60759306      -1.54526949      -2.66196752    
   2.98261428       2.17791867       1.44050419    
   2.65435195      -1.14608550      -2.71402717    
   1.88658214       1.80386841       1.49727130    
  -2.38261986       2.93105936      -4.99068499    
   1.64640522       1.58989835       4.99730349    
  -2.61428690       3.35042906     -0.474155903    
   4.21985912      -4.96121597      0.154155552    
   1.57685065       2.98868847      -9.14032832E-02
   2.18563390     -0.599192798     -0.181200579    
  -2.78300667      -3.90280795       4.52297401    
  -2.65731476E-03  -4.51389104E-02   1.03641343    
   2.03780913      -4.47611237     -0.574417412    
   2.96460867       4.53177309      -3.83670759    
   4.15453243      -2.35495043      -4.78092670    
   3.36339307       3.65529609      -4.24780798    
  -3.01690984      -4.64336872       5.95404208E-02
  -3.85249829       2.71243834      -2.28833747    
   1.40366173     -0.824264705      -2.75642753    
  0.494210780      -3.38748860      -1.63165879    
  -2.10134840       6.93972483E-02  -1.88400424    
  -2.80985737      -2.32244062      -2.34528303    
  -3.77227759       4.62147141      -3.90406895    
   2.05288577      -4.81522369      -6.77500218E-02
   1.26287520     -0.190836444       1.78996980    
   2.95436454       2.98273802       1.72375977    
   4.34181213       2.17749119      -2.21193266    
  -2.41983557       2.31740403       1.10336494    
  -4.99911690       1.45443547      -4.20686865    
   3.88498545       3.05837154     -0.206913099    
  -3.29998565      -4.92926884      -2.35568857    
   2.09910035      0.203245655      -3.85792637    
  -3.76369214      -2.76788402      -3.71713424    
 -0.375189066      -3.98686862     -0.528126717    
   1.81061709       3.93787384       3.33465719    
  -4.32828331       1.97991025       4.17477369    
   2.01615715       4.35605192       4.09868145    
   1.83180928       3.37053609      -3.84112120    
  -4.18750858      -1.90639997       1.10858262    
   4.35876083       2.60793519       1.45467544    
  0.527243316     -0.696083546      -1.47227609    
  -1.62419295      0.269151181      0.237859815    
 -0.864462376      -1.16569459       3.91603279    
  -4.55017996      -2.39245939       2.10937905    
  -2.09498882       3.09098554      -1.01076674    
   1.93876815      -2.24721527      -4.39070463    
 -0.931857169       1.96228075       2.23359299    
  -3.95978308      -4.59952641      0.115519278    
 -0.828505158       4.27239180       1.81123221    
   3.81940770       3.91279316       3.00312757    
 -0.152244002       4.79908037      0.455488175    
  -2.29056239      -3.11617136       4.26594067    
  0.627060711       4.00710535       4.71946955    
   4.58042002      -2.22353530       4.41501045    
  -2.47584176       4.14621346E-02  0.881201744    
   2.58494139      0.754675508      -3.81218338    
  -3.05023050       4.91492748       1.87572289    
   4.26073885       1.94667923      -3.93357730    
  -2.19554043      -4.90222836       4.42561626    
  -4.97437191      -1.18840218       2.40095687    
  -3.35564661       1.26364648      -2.01924562    
  -4.77256966      0.805824459       4.18554926    
   3.27401018       3.65357351      -3.76167965    
   1.88304341       4.95189857      0.821561277    
  -1.94433570      -4.43948269      -4.43224049    
 -0.296688259     -0.732733309      -2.26171708    
   3.28172708      -1.60224807       2.22166967    
  0.825007737       4.51561880     -0.782647431    
   4.02706289      -2.91680717     -0.250658810    
  -2.24720192      -4.93948555       2.56778669    
  -1.28165793       1.01548064       1.25772250    
  -4.62633419       3.08988237      -2.50291467    
   2.87959599      -4.55558920      -3.58594680    
   2.99597049      -2.81227040      0.967502534    
  -1.28371871       3.29165101      -2.10261798    
   2.22631879E-02  -4.11507225     -0.445928633    
  -1.97973311      -2.44679642       1.73678660    
  -2.26762332E-02  -3.30977821       2.68620157    
 -0.861661494       3.32167768       4.08993101    
   1.38400972      -3.47827792      -2.06580162    
   4.71146345       3.76871109      -4.37549448    
   2.76693082       2.08167505      -3.04951310    
   3.16854978      -1.03858304      -1.43397844    
  0.316411763     -0.947541475      -2.76278257    
   2.61016083      -3.94035172       2.07226300    
 -0.135937795       2.26798725      -4.92345524    
  -1.32095194       2.41223550       4.13077259    
  -1.91908777      -2.50774026      -1.82596076    
   2.14640975       2.76995087     -0.545536876    
  -2.61132026      0.359630585      -4.35529852    
   1.76521182      -3.49148440      -4.77093601    
   4.75719500      -2.97514296      -2.99701762    
  -3.40334678       2.78687429      -2.97401047    
   1.03311360      -4.31279182      -4.72820759    
   1.81065941       4.75924587      -4.48122454    
  0.281638980      -3.68062901      0.970692873    
   3.47255206      -1.97046220       3.21448326    
   1.97790563       2.74858093       1.05322945    
  -3.28087163       3.08109760      -1.48982453    
  0.149516046       1.14806116      0.471382290    
   2.43795824      -4.23132563       3.15582561    
   4.56064653      -4.19858599       4.05956022E-02
   3.98992252       2.20027471     -0.898600519    
   3.08535194       3.37201595       4.41850424    
 -0.585909069       2.16026616       2.24315766E-02
  -1.24132919       4.04497099       3.58495712    
   4.93554306     -0.304095477       1.43499947    
   3.66405010      -2.20453715      -2.31610799    
  -4.40979290     -0.380833387      0.189190164    
  -2.33187008      -1.72728562     -0.388505191    
   1.05857003      -3.10528946       4.29813576    
   3.14685535      -3.14480948      0.995152056    
  -4.87304783      -3.25592303       4.95358706    
   3.63763928       5.99456765E-02  -4.21285677    
   1.88178039       4.13129616       1.50063038    
   1.94612479      -2.69008160     -0.151419789    
  -3.31539416      -1.81679881     -0.263337791    
  -2.57389212       1.62054837      -1.63999557    
  -3.02917361     -0.447444975     -0.934333086    
  -1.28964877       4.13031626       4.54558849    
   4.43665075     -0.414286077      -2.33648348    
   4.10274220       3.59166145      -2.39395738    
   1.37192202      -3.76536727       2.56004906    
  0.679821014      -3.92671609       1.77526093    
 -0.156273291       4.90586710       3.86768365    
   4.39182997       4.02010679      -3.74400926    
   2.63592362      -3.78943133      0.996530235    
  0.697499871       4.42674589       3.09493828    
   4.64011669       2.86062360      -1.79797161    
  -3.70577240      -1.66396046     -0.374053031    
   1.01312077      -3.65827250      -1.29685402    
   3.07911420      -1.15062714      -3.19936228    
  -1.05221224      -4.12952757       1.09337437    
  -2.75131893      -4.58222818       3.40662622    
   1.20371592      -1.82295871      -1.90365088    
  0.938377857      0.930752456       3.25908709    
   5.84750585E-02  0.562855244       2.07449818    
   4.75139904       1.56671214       3.18943357    
  -4.20070171      -4.12562656      -2.01954246    
   4.44488001      -1.13352644       4.38068295    
  -2.73155522      -2.45293522       4.04982185    
 -0.801514328       3.58286452      -2.08185363    
   1.21931326       2.24105239       1.16378546    
   3.17357755     -0.489798248      -3.51575255    
   2.74954152      -3.97990060      -4.94482565    
  0.176043838       1.65733743      -2.77412891    
  -1.65237248      -2.01158524      -3.46398067    
  -1.30126333       2.97776866     -0.995987415    
  0.191318080       2.36147809       1.80860746    
   3.07943702      -2.21804500       2.48899341    
  -4.93970966       2.15273547      -1.68483567    
   4.92610359       4.14281893     -0.157637626    
   3.60770583      -1.09900165      -4.97324371    
  -1.32171738     -0.151906028      0.608554065    
  -3.08520651      0.392720997      -1.93874943    
   1.08522463      -2.81193638      -2.21922421    
  -4.11100864       3.59167981      -4.55754805    
  -4.03523254       2.45581841      -4.40252399    
  0.668942332       1.87490058       4.71016932    
  -1.28134358      -3.83337975      0.325477958    
   4.20001411       4.30127001      -2.61942816    
  0.702888489       4.48686314       1.12378013    
   3.14673710      0.149814203      -2.23975515    
   8.36388171E-02 -0.796048522       4.14224386    
   1.06785703      -4.24019337      0.166613549    
  0.136577725      -2.74576020       1.84915996    
  0.960920632       3.23681283      -1.69957113    
   3.36781096       3.14160824       2.08068919    
  -1.40451050      0.836867809      -4.55605888    
  -1.74740386       3.99728870       4.66608286    
  -4.35432720       4.85772276       3.59132075    
   1.52442420       1.91177464      -1.86149907    
   4.25468397      -3.68678594       4.91377592    
   3.68124652       1.14760613       2.44870424    
   4.18204689       2.47155571       4.49781179    
  -1.97364593      -2.90511417      -8.98863524E-02
   1.70793402       4.13734341      -1.75770366    
   1.02571332       2.15893888       2.90931749    
  -3.73054719      -1.19041097      -2.95752573    
   1.68116415       1.26038384      0.142299503    
 -0.214288920      0.456873506      -2.01328516    
  -2.20527697       3.55570579      -2.03347898    
  -1.45115328      -2.99260521       4.64177799    
 -0.859434485      -1.90099049      0.732164025    
  -4.58032084      0.358596414      -4.36772537    
   1.29421103       2.26195121       3.91136837    
   4.11908865      -4.26561880      -3.07679248    
  0.150925696       1.36439204      -3.15550661    
   2.73017359      -4.84446812       4.51336336    
  -1.42815328      -3.83320332     -0.871694744    
  -1.00927627      -3.22615528       3.07334733    
   4.03628397      -1.15827024       3.02064466    
   1.71738744       2.51981068       4.30954790    
  -3.19689322       1.64909422      -2.47093487    
  -2.95990181       1.08448088       2.70604324    
   3.23780417       1.08322394       3.38146281    
   3.91680193      0.108990505      -4.77312468E-02
  -1.62517476      -7.04139099E-03  -1.74345243    
  -4.43920422       1.10705125     -0.338623375    
  -4.88892126      -4.86101961     -0.720489740    
  -4.96362877       4.49935722      -4.00463676    
   4.80163288      -4.73993349      -2.58783889    
   4.83966875     -0.297630697      -1.45451891    
   2.96763921      -1.74346590      -2.45830941    
   2.16281652      -2.51388049       2.22001982    
  -3.50742602      -2.74451685       2.93624282    
  -3.91335869      -3.13848519       2.03876519    
  0.607790768      -3.75977755       4.13565207    
  -3.33319879      -2.37071109       4.23055410    
 -0.981727719     -0.123334095      -2.72731066    
   1.91281760      -1.51381505       3.06177473    
  -1.24317956      -1.83920240      -4.29263639    
   3.80297613      -1.44578218      -2.62787604    
   3.00576520      -2.97462392      -4.65062618    
   3.49067926      -3.31299043       1.95242214    
  -1.56447601     -0.100279219      -4.31394243    
   1.17707431       3.66550374      -4.73727036    
  -3.85946655      -3.79200101       4.86553383    
  -2.93736792       1.11142910     -0.779896140    
 -0.635348558      0.437634677      -4.90765095    
  0.957608104       7.06720650E-02   2.46356416    
  -3.21727443      0.191555575       3.38307357    
   1.25837803      -2.17861795     -0.542274594    
  -3.31159019      0.697264016       4.54360437    
   4.76243591      -1.73403549      0.776222825    
   4.51614237       3.76374793      -3.45334959    
   4.00544548      0.520195603      0.136143625    
   2.22651458       1.46305978      0.961984515    
  -2.55161381       2.66698647      -5.33831716E-02
  0.608591676       1.05752885      0.271634370    
   3.52664351       4.97269392      0.305979729    
   2.69345427       1.30455661       2.25244474    
 -0.175093964       1.72497058       4.41024065    
   1.84010422     -0.420437157       3.08049822    
   3.29288816      0.188657612       2.06724715    
 -0.556307495      -2.02527380      -4.24864292    
  -3.01719213      -1.59358215       2.26941419    
   2.46045041       2.35705924       2.26184368    
  -4.93750238       4.97814512      0.289635360    
   3.93112826       1.84172940      -3.34942150    
  -1.54646695       3.03399467      0.137767211    
   2.59814072      -3.27473330     -0.284500778    
  -4.93762922      -4.78398466      -1.79589903    
 -0.454872638       3.32793784     -0.429906130    
   3.63316631      0.481786191      -3.78420544    
  0.708916306     -0.169440553      -2.72587752    
   4.05767059      -2.22403693      -3.66789961    
  -4.24239969      -3.67751932       2.41277957    
   2.72282958E-02  -2.53037906      -3.03820467    
  -2.00910974      -1.05351782      0.254770160    
   3.91446686      -3.91120696       3.74192572    
  -4.86030769      -3.11317515       3.26431656    
  -1.52820385      -2.77427411       4.50299597    
 -0.413913965      0.163358465       2.39590740    
  -3.96787500      -3.30743480      -4.08232594    
  -4.28524256      -4.65210390       2.61365080    
   4.50710869      -4.25781155       4.58831882    
 -0.887825429      0.804523468      -2.65915084    
  -1.13262272     -0.286811441     -0.649166644    
   4.58410454     -0.413103938       3.97736025    
   1.82400739      -2.35359049      -3.33141780    
   1.75091255      -3.93740225      -2.95984221    
  -3.85809827      -1.81691444       2.00677252    
  -3.43336177      0.162555933      -2.60146499    
   3.28498292     -0.477657467       2.08019590    
  -2.60116553       3.68706918       2.92870259    
 -0.337618828       1.33932304      -3.80927038    
   2.79940939       3.75348067      0.684635460    
  -5.30616343E-02  -2.56737661     -0.281283557    
  0.306149036      -2.03293085       1.30955470    
  0.819671392       2.43625140      -1.18045712    
  -3.64084959       3.74351430       4.05950880    
   3.12196779       1.46242487      -1.63862491    
   1.10808146      -1.31374943       4.75706863    
   4.33797979       2.32547116     -0.700085938    
 -0.874974012     -0.451438189      0.127620816    
  -2.34721112      -2.22367954       3.10032630    
  -4.52443886       4.03783226      -4.69418287    
 -0.751904845      0.392075568      -3.80248642    
  0.310336202      -3.95925593      -3.95198107    
   4.81630278       4.35323620      -1.18786621    
  0.352637947       3.44657564       4.87345266    
   2.38117719      -2.54827642       4.88446426    
  -2.42652702     -0.880021930      -3.63989496    
   2.62075758       3.41577554      -1.00268161    
   1.03088796       1.64749622      -4.41330910    
  -2.69503832       4.94109631       3.60281157    
  -4.94565248       4.31057978      0.422484964    
   4.06501484      -3.55828810      -3.28441882    
   3.87114763      -4.19979239       2.84841180    
  -4.69846869      -1.48790872      0.989966273    
  0.930036008       4.51443052       1.03903794    
  0.245227367       3.02305388       3.97596836    
  0.204765171      -3.40919638      -3.04773331    
  -3.72025323      -4.36947393     -0.875355601    
  -4.32828093      -2.09036946       3.43286324    
   2.80398798       3.40902352      -2.69019818    
  -2.84974861       4.39111614      -3.03008842    
 -0.797698915      0.796506107      -1.13192344    
  -4.25768805      0.880601883      -1.53296900    
   2.71025085       4.94287825       1.51387441    
   2.24546120E-02   4.57080555       2.41888785    
  -1.18572128       2.56783414      -2.60832286    
   2.37609076      -2.17290330      -3.70077896    
   1.94036674      -2.26083779      0.888886392    
  -4.63207960      -1.31971824     -0.336492389    
  0.330152243       1.18090880      -4.95901871    
   3.03270531      0.823178649      -4.63915157    
  -4.30407000      0.541342795      -2.31186342    
  -4.88290453       2.01133895       1.95895994    
 -0.510937691      -2.45492768     -0.828148246    
  -4.72801876       1.62772608       3.31179047    
  -3.90683627      0.652493894      0.528624475    
  0.265470445      0.420852512      -4.47029877    
  -1.93243182       1.12616956      -2.64456081    
   4.96065950     -0.661787212      -4.08415604    
  -4.26689482       4.47577000      -2.42139387    
  -1.30524087      0.301616073      0.914323449    
   2.01257539       4.18635273      -1.94188952    
 -0.511831701      -1.37939417       3.46270800    
  -3.55434608       4.03747749       3.47784257    
  -1.72262180       2.44839120       4.46825552    
   3.80173683     -0.196004301      -3.08498192    
   2.30662918       3.62960696     -0.913154542    
   3.22248554       3.49457717       4.83754110    
   3.93961453     -0.638585865       4.06035805    
  -2.41437268       1.79412043       1.21319032    
 -0.989235222     -0.332779914       3.99186182    
  -2.09262681      -3.33499312       1.37452817    
  -1.47280896       3.88689733     -0.727338135    
