  -3.31960845      -3.00232625      -2.44071555    
   1.81670380       2.52882600       3.36301041    
   4.24495125      -4.36296511      0.136401072    
   4.31286573      -3.28417110      -2.64682508    
 -0.175982431       1.15210652      0.278001338    
  0.199713007      0.635999024       4.20502329    
  -2.90317082       2.38612175      -2.00049305    
   3.59262633      -4.01712084      -1.44771767    
  -2.68576431      -1.17650986      -3.66663527    
   3.19473934       1.76558471      -3.22517109    
  0.448818386      -3.36837053      0.584119201    
  -2.39607453      -2.96525908      -1.18826485    
  -2.57151389      -4.20233965       2.41340804    
  -3.62819600      -4.49011278     -0.672662139    
  -3.87205601       1.86055040       1.15692008    
  0.252411455      0.871720195     -0.343664497    
   1.35873210       1.11003816      -1.32329106    
   1.18646133      -3.71484542      -2.04264355    
   2.27430105      -2.31988478     -0.145589247    
  0.418515831       3.29177094       3.49327445    
   3.28711820      -2.53344011       1.52951109    
  -2.28159928       4.14553785       2.96595001    
  0.997708917      -2.66800475       1.82453215    
   2.19760013      -3.84401464      -4.03495741    
  -1.37205517      -2.62783289      0.127499357    
   2.92057991      -2.83667827       1.34268713    
   2.04284835      0.739023745      -3.92529893    
   2.28841496      0.713749826      -3.06776881    
 -0.916050136     -0.819833338     -0.543982625    
   2.66910839      -3.35361338      -1.56831515    
   2.41077948       2.84141827       2.47202659    
  0.768220663      -2.83745766       4.21849346    
  -3.87473345      -1.56863427       2.59241915    
  -4.12670660      -4.43882561      -3.70764637    
  -1.46647859       3.40492535      0.265165359    
  -3.81795335       4.30879641       1.39770782    
  -9.67403129E-02  -3.21635628      -2.98012924    
   1.06876111       1.95283616       2.35975838    
  -3.78563094     -0.723498583      -4.34497643    
  -3.93197012     -0.304394811       2.01251912    
   4.41097450       4.06612110       3.19544959    
   1.07724333       3.10132909       3.07757282    
  -3.54432821       2.88082576     -0.281234473    
  -3.31278491      -1.87977970       3.18356790E-02
  0.557566941     -0.730788291       3.22115421    
   3.25747871       2.30395389      -1.97425568    
 -0.123672381       1.30192673       1.88527668    
  -4.18654966       3.90966702      -2.00731778    
  -1.23695612      -1.19447744       1.72110450    
  0.883629739       4.35930634     -0.389760405    
  -2.83339047      -4.22854233      -3.94085431    
   2.10916710       1.17820716      -1.42424190    
  -1.81870103       2.29112601      -2.78141832    
  -1.51399291      -1.53622675       2.70439768    
  -1.09597802     -0.694537699     -0.478071630    
   2.74189758       1.77144158       1.22410560    
  -1.65560496     -0.222087473       3.95989466    
  -3.08226180      -1.41203833      -1.40374279    
   2.91171265     -0.356708080       3.39720154    
   2.63123655      -1.97395587       1.15276098    
  -3.65598440      -1.34117818       2.69971776    
   2.25379944       2.30174446      -3.44111848    
  0.271886438       2.17914534      -1.81424582    
   1.23710310      -4.28893280       2.25879526    
  -3.96655726      -1.82508516       1.50422215    
 -0.411830693       1.78785670       2.42747021    
   2.99382305      0.173367813      -3.49908590    
  -3.90054536      -3.26971388       1.60652423    
  -3.59114504      -2.17322350      -3.38586664    
 -0.342369527      0.927040219      -4.19818544    
  -1.53895891       1.19141757       2.64493346    
  -2.62790585       3.78728867       3.47764325    
   4.06279182      0.789523304      -3.98171234    
  -1.11377561      -3.56489325       2.93035007    
  -1.83046997      -3.74742079      0.230333656    
   1.57337213      -3.91229200      -2.89744544    
  -3.53274703      -3.70142531       3.55994081    
  -1.42669606      -4.28704166       1.26200736    
 -0.178101376      -4.24326134      0.202161327    
  -2.55530334      -3.82148838      -2.55100751    
   3.44236398      -1.00338125       1.50499892    
   4.13751459       2.39501548      -2.92747545    
 -0.630849183      -2.26904392     -0.173442915    
  -5.65570667E-02 -0.620812893      -2.61265254    
  -3.46351004       4.41471434      -1.28964484    
 -0.619940102     -0.293797404       3.24102926    
  -1.98447919       1.08375633       3.10343099    
  -4.27775860      -3.99157906       1.90308917    
   1.87658632       1.45036983      -3.24911737    
   1.60555816       1.22511733     -0.472683072    
  -4.43239355       1.08277190      -2.21855402    
   2.37348056       2.11371446      -2.61362362    
   2.64927220      -4.31927967       1.61937201    
 -0.825564146      -1.11480606      -3.87587333    
   2.54901409      -4.08697796       3.32811642    
   1.76101100       2.33481216      0.335784167    
  -2.27571845      -3.09288716       3.31285667    
   2.65790892       3.32337427      0.705366313    
   4.27220917       3.50854921      -1.94635963    
  -1.04299045       2.04729819      -2.46543307E-02
   1.29667282       4.22017002       2.50218153    
   3.80559421     -0.229047805      -3.25592375    
   1.49420619       4.41677141      -2.55644155    
  -2.29286623      -3.69589615      -3.77629590    
   2.06269073     -0.332609504      -3.60748243    
  -2.57731128      -3.90701914      -3.53393197    
  -2.89826441       1.37691271      -3.72025871    
   1.44356287       3.48239446      -1.54837024    
   3.63235879     -0.461685479       4.40343237    
  -1.92543519       3.77656293       1.01214671    
   4.17165422      -2.38176584      -1.34107089    
  0.762122929      -3.36577892       2.34339213    
  0.122464851       1.80153060      0.877328157    
  -1.91224039      -3.83412910       1.91427135    
  -2.01236081       1.01187956       1.06508005    
   3.22949481      -3.13311648      -2.60924625    
  -4.36328220       1.99728031E-02  -2.03725815    
  -3.43905163      -3.94733024       3.40577769    
  -4.00838757       1.41765440      0.369626135    
  -3.92385912      -3.99858393E-02   1.67082751    
  -2.09522343       3.27237415      0.255587190    
  -4.36666298       3.01635671      -1.13082695    
   1.43712771      -2.79213858      -3.70933032    
  -2.54073787     -0.545374155       3.39129639    
 -0.367605895       3.55417418       3.05702829    
   3.76097465      -2.25295877      -2.58765292    
   1.16487491      -3.65649652       3.05664563    
  -1.40051937     -0.723374665      -2.96409440    
   4.43598938       2.65599871       3.16644526    
   1.67613614      -3.27025199       2.82067990    
  0.949431300      -4.46938038      -2.45383906    
  -3.69834661      -2.53516197      -3.80075002    
  0.756754756     -0.784402430      -2.08967447    
  -2.03228426     -0.359985203      -1.19038975    
  -4.13955641      -2.73948193      -2.20074415    
  -1.16864669      0.447530925      -1.71342266    
  -3.74924374       3.07375765       4.06321859    
  0.163855627     -0.728062093       4.48567486    
  0.221112221      0.957245648      0.954773188    
  -1.94059503       2.19653153       2.93470502    
  -3.64919829       2.50626397       3.15063739    
   1.39968574      -2.91411209      -2.88944483    
 -0.511194766       3.01104450      -3.52529144    
  -1.39905596       3.25547361       1.10221684    
   2.46389246       4.03040123      -4.34853268    
  -2.35158777      -3.49985504      -3.88945723    
   2.10270071      -3.30959940       2.72137547    
   3.39586473      -3.39424300       1.13423288    
   3.38066149      -1.49867642      -3.06839442    
   3.60616755     -0.406544060      -1.02131450    
   3.06539607       4.45644999       4.02062178    
  -1.11624050       1.85916746     -0.407039195    
   2.91249371       3.63561678      -1.18549144    
  -1.82678843       2.52385497       1.58068871    
   2.13881397       1.64231884     -0.285029799    
  -3.60874629      -1.55814850      -1.97598195    
 -0.727024078       1.05290449       2.55181789    
 -0.692890823       2.96236348       4.32879257    
   3.62572408       1.61197293       3.74953055    
 -0.613982379      -2.92935610      0.538870871    
   2.49311519       1.61641407      -3.41458273    
  -2.19171524       1.96485996       3.57472634    
   2.69875312     -0.723098397      -3.95141888    
  -4.33498669      -4.25920296      -2.99151087    
  -1.01345241       2.02987409     -0.820276439    
   3.40322471       3.61952448     -0.775025427    
   3.30768442       1.55847943     -0.322210580    
   1.38758576       2.12126112       2.82679915    
  -2.19786835       2.50449085      -1.50054967    
  -1.38079977       4.05223227       4.22959614    
   4.47993660      -6.50113896E-02   2.42241478    
  0.426129043      0.850510895       3.94843483    
   4.19206572       1.40233839       4.14774132    
  0.640213847       1.84227657      -4.13087845    
   1.69029450       1.05902898      -3.80102468    
   2.08550739      -1.12054491      -1.88552606    
  -2.19648910      -2.23485970      -3.18601394    
   4.13634300      -4.14221668       3.92221546    
  -2.12704134      0.367721766       3.59500742    
   3.83286047       1.82326341      -2.24143267    
   1.75921547      -9.58621595E-03   3.14909554    
  0.770523071       3.86743999       3.46919322    
  -2.40917063       6.21693209E-02  -4.12287188    
 -0.276659161      -2.82003188      -3.80385065    
  -1.10852814      -4.30888748      -1.39110744    
  -3.41773701      -1.26015234      -2.48271990    
   1.96615279       1.97509742      -1.13292444    
   3.42017674       2.92741895       3.77926993    
   2.44990587      -1.18578386       1.32703590    
  -1.66531181       4.41927099      -3.76559067    
  -2.83019543       1.41556549      -1.96419203    
  0.625925720     -0.807803631      -1.00129604    
  -2.75771666       2.84579396      -2.91894007    
   1.44525802       2.43805647      -4.01449156    
   4.34718275      -4.10808420       1.18635404    
  0.787178516      -3.08364964      0.779085219    
  0.196358636      -2.84901118      -1.77089918    
   3.23214364      -1.87255168     -0.128309384    
 -0.580614626      -2.77757406       3.50186729    
 -0.755297244      -4.39760208       3.91457510    
  -4.42155075       2.44292784     -0.184452847    
   2.99326515       2.25336957     -0.290148526    
  0.882586896     -0.800082088     -0.442569375    
  -2.10627294      0.751573801       2.34457273E-02
   3.11010528      -1.36118793       4.21158695    
   1.86811590      -3.38988829       3.87788558    
  -1.78675640       1.28539360       2.05621910    
  -1.97080588      0.695642769      -3.77713585    
  -3.68550587      0.652639449      -3.74574757    
  -1.74742186       2.66122913      -2.10494304    
  -2.33187675     -0.234032959       2.79781628    
   1.78476250      -3.41952777       3.24156642    
   1.03271222      -3.64725637       1.81319332    
  -1.98969293      -3.03917480      -1.44272280    
  -3.46557593       2.65657926       3.22210050    
  -4.48715878      -1.57782245       2.97115135    
   2.81314731      -2.22960901       2.89462423    
 -0.236181408       2.42463183       2.58559656    
 -0.916792572      0.255839318      0.499685407    
  -3.75571108       2.36849070       3.95205688    
   3.07605052       2.46047163       2.81376314    
  0.551567376      -2.94688058       1.83464456    
   1.29107285       2.58481455       2.55137062    
  -2.19665265       1.13629436     -0.893221319    
   1.66648185       2.86184382      0.850687921    
   2.52578282       1.02217650      -1.65619123    
  0.774896145      -1.12258768     -0.131213680    
  -1.98703265      0.703208745      -3.61073589    
  -3.40801096       3.37011600      -2.05528355    
  -4.40695524      -3.27421355     -0.558042765    
  -1.42894220       3.04568243      0.931102157    
  -3.62328982      -4.01461220       3.81225467    
  -3.28118300      -2.84511161       4.48774719    
   2.78780031      -1.26882231      -3.72178221    
  -3.74134016      -3.70438528      -3.29508924    
  -1.51270807     -0.577522576      -4.08545923    
   2.58491850       1.93177652      -4.22536802    
  -1.62287128      -2.12660241       2.91874862    
   3.27933836      0.665662646       3.22518134    
  -2.55725908      -4.27640009       1.80116200    
  -3.60885310      -3.89834976       3.02669406    
  -1.09874558     -0.186286941       3.98293543    
   3.59222926E-02  -3.81836534      -1.18919933    
   3.45434928     -0.441220760      -2.96356726    
  -2.72595882      -2.17561817      -1.56647837    
   1.14615095      -3.94205046       3.11090207    
  -4.44808054      0.199905053      -3.20143141E-02
   9.66727212E-02   3.29244471     -0.786170542    
 -0.325294048      -3.11163902      0.629439414    
  0.589250803      -1.94546437      -2.55136418    
   3.26439786      -4.34138393       3.77320695    
   3.68535137       3.81588626     -0.266975313    
   2.90155506      -3.85807204       2.36473060    
   3.28721046      -1.88530242      -1.63755953    
   1.01342177      -3.95620513       1.68361092    
  -3.20051575       4.43514872       2.56872869    
  0.745479822       4.14128828      -1.79826629    
  -2.43414140      0.409389347       4.28016710    
 -0.591887414      -1.94871306       2.84367347    
  -3.38318157       1.84341323      -1.71514523    
  0.723012030     -0.271277040      0.793969870    
  0.629957616       4.14150238      0.353298455    
  -4.31168318      -2.27134800      -1.91953599    
   1.91143572      -1.36999846       3.98307824    
  -2.84263062      -3.17953753       1.42071795    
   2.40037680      -3.23691440       3.07810545    
 -0.879780769      0.796483099       3.74959350    
   2.64317036      0.560890734       2.74532962    
  -3.55754876      0.299335629      -1.47789681    
   1.91834831     -0.806937277      -3.73008561    
  -4.43098545       2.21399808      -1.96802223    
   1.28195548       4.23555088      0.226006180    
  -3.64871716      0.242457241      -2.42045832    
  -2.84060073      0.896844447      -2.59086990    
   3.32065177       2.81954384      -2.31141853    
  -4.28775263      0.618852735      -2.20750713    
  0.239416689       2.13857579      0.930608630    
 -0.654699922     -0.168148234       1.68488610    
   1.06294608      -2.30579019       2.22430134    
  0.789930463       3.41811681      -3.97202682    
   3.63971782      -3.12286949      -2.39298511    
  0.935936034       1.51811540       3.90406227    
  -2.30361605       2.06015873      -1.59100020    
  -4.38649321      0.666406155      0.269739062    
  -1.70229900      -3.41985440       3.58479142    
 -0.414600879       3.35888672       1.09691095    
  -2.96645427     -0.187284186       1.00077462    
  0.825684309     -0.174340382      -4.24036360    
   2.95418382       3.30265570      -2.76404500    
   2.49644065      -2.41026974       3.04429460    
  -1.09448195      -2.02678037       1.74267435    
  -2.38108039      0.724048972      -3.50842428    
   1.84098315       4.37521124      -3.55561924    
  -1.60677588       3.34682965       3.21566701    
  0.809827089       3.72792983      -4.31236362    
 -0.528529882      -7.43063167E-02  -2.32665086    
  -3.25830913      -3.13330817       4.10862637    
  -1.94291091       2.22496128       1.18086410    
   1.64388478      -4.15536070      -2.96784210    
   3.85026479       3.66036534       4.28467274    
   3.80446982       4.15339899       4.05681896    
 -0.182502881      -2.32017541      -3.61547542    
  0.724538207       1.48212719      0.138434187    
  -2.88648319      -3.47985864      -1.26731873    
  -2.56052017       3.20211053       3.09602690    
  -4.47542858       2.68740535     -0.987168372    
   2.35410595       2.15118718      -1.60618472    
   2.11275959     -0.819111824      0.169810131    
  0.268983752       2.50210810      -2.03168726    
   1.72746623      -2.85403323     -0.600041330    
   3.19868541     -0.675882399      -1.12724197    
   3.24714756       3.60020518      0.343880147    
  -2.79443288      -4.21480322       4.02487898    
 -0.618307710      -1.07919228       2.18466210    
  -3.68915200      -1.11336470      -2.41157818    
  -4.08941555      -2.69772053      -3.90959907    
   3.76031303      -3.68123364       1.68963361    
  -4.26665831      -3.47436881       2.19886446    
   1.45401871      -4.14445543      -1.14090240    
   4.22750950       2.15952063      -1.79069657E-02
   1.23791206       1.38163066       2.11356688    
  -1.44191337      0.473297298      -1.34790349    
  -2.72279263      0.258862704       3.90754056    
  -1.81564057     -0.880434692      -2.19649935    
 -0.931271672       1.08168828      -4.11355829    
 -0.201030508       2.96630836       3.14045715    
   4.38985252      -2.55621624     -0.796189129    
  -3.82440877      0.748972058      -2.49704933    
   2.73703051     -0.620256603       2.62165475    
  -2.56976461      -1.16724336      -1.72487950    
 -0.387363046      -2.57199788      -1.48958373    
   2.23516655      -3.45347118      0.518988729    
 -0.501153648      -2.69674945      0.623621702    
  -3.67891932      -3.70123148      -1.58747470    
 -0.208135679      -2.80996656      -4.04457331    
   1.47199649E-02  0.485147834      -4.16540432    
   4.07670069      -1.47333324      0.411474496    
   1.31444025      -1.57451367       4.44667387    
 -0.506039560      -2.52254534      -1.34777904    
  -2.95934272      0.110327855       2.10416842    
 -0.343121618      -2.85754418      -2.69841361    
   2.71387005      -2.50463629       1.85191321    
 -0.362357885      -3.16689944      0.771666229    
   3.45198727      -4.24722958      -2.93372488    
   1.88992441       3.53456450      -1.60832298    
  -3.41532636       2.81069517      -2.34151340    
  -6.51090220E-02  -1.21665180      -3.63926673    
   2.64953828       3.49901175       3.51161003    
  -1.32892048      -1.34179342      -3.12433553    
   4.02518225      0.585952222       1.47303498    
  0.861150682       1.89135993      -4.22354603    
  -2.97842121      -4.02980661       2.98311996    
  -1.05092764      -7.17297867E-02   9.61652473E-02
  0.401640445      -4.12680340      -1.88681519    
 -0.428714693      -3.70777345      -3.23662043    
   2.31655812       2.32680106       4.49545670    
  0.136865094      -1.89038038      -2.03191257    
 -0.139860049      -2.27483439      -2.18470287    
 -0.689751565       3.96178293       4.15432596    
  -2.45108438      0.893861830       3.67498136    
  0.814259708      -4.24896908       2.12970638    
  -3.65417480       1.73787475     -0.364330381    
  -3.24211574     -0.664403081       3.89818931    
   2.16028452     -0.296031684      -2.85056567    
   2.27103567       4.35815620      -1.99125290    
   4.36991262       3.55008650      0.661427438    
   2.97008753       4.10430002      -2.60247684    
 -0.446797073     -0.724734008      -1.53523433    
   2.75753045      -4.02576399      0.636580527    
   2.04513693       1.22102702      -2.44638252    
   3.07554340     -0.789562464       2.89708972    
  -4.46578503      -1.20466495      -3.59866381    
   3.23993993      -1.50654328       2.48567533    
   1.35289729      -3.82698631      -1.62999356    
  0.450964153       3.01844144      -2.09656811    
   4.49887085       2.08522630       2.47998619    
   1.64155018      -2.15869093       3.45113158    
 -0.592765033       4.17362928      -2.60984015    
 -0.281042427      -2.93610668      0.251273662    
   2.05888414      -4.30271101      -1.77739978    
  -3.52346754      -1.62817824       4.26813889    
  -4.30449104      -1.75479198      -1.68568051    
 -0.950505257      -1.10823143      -1.05256975    
  -2.62459755       2.68745136      -1.41757977    
  -4.11567545       2.19631743      -1.41518676    
  -2.32556725       1.95199013       4.27903748    
   1.65188742      -1.46861637     -0.551440775    
  -4.12096310       2.97823143     -0.889795601    
   2.37440372       3.31068087      0.701509297    
   1.92681813       3.43571639       3.63505983    
  -2.47023106      -3.49455190       1.87268257    
  -3.78612089       3.97043371      -3.34929037    
   1.15712392       3.95522761      0.817081928    
 -0.681553125       4.48953342      -3.08206439    
   2.03599215       3.72729516     -0.852509677    
   1.17567515     -0.841524363     -0.497752607    
   2.05890346       4.39740705     -0.801126540    
  0.285161227       2.22271466      -2.23692608    
 -0.498838902      0.349222571       3.57843256    
  -1.65520906      -1.09665990      -1.30699182    
  -3.83877516      -4.11756992       1.57491767    
  -1.16648483      0.243019968     -0.366635472    
  -3.18391061     -0.911940455      -2.45329499    
  -2.35736203     -0.762938321      -1.96174264    
   2.41088462      -4.01515341      -3.38238549    
   1.39987183       3.56452250      -2.93569899    
  0.533139527      -1.28637683      -2.72279119    
  0.996778190      -3.80401587      0.540041387    
  -1.34499061       1.02812195       3.90127397    
  -3.17885733       1.45671058       1.16823733    
  -4.34263754       2.49345636       3.95186639    
  -1.29085243       1.46118605      -3.66663098    
   2.62820792      -3.78355336      -1.89873004    
  -3.73289776       1.89500821       1.13352907    
   3.30690503      0.411146194      -3.69886208    
  -1.05150807      -3.84294128      -3.82856774    
 -0.242982954       4.23497152      -1.08302140    
  -3.04568505      -2.31981397      -2.48983097    
   3.51567578       3.71831036       2.80567360    
 -0.699465990       4.13762236     -0.271464258    
   2.58413744      0.709612250       2.93089366    
 -0.767943323       3.16148686      -1.72467828    
   4.31380987       2.61138868      0.944115162    
   1.09217632     -0.334018737      -7.19454363E-02
   3.48189068      -3.67165542       3.31238532    
   2.17194676       3.36618972      0.120702639    
   2.88994217       4.37980461       4.25333261    
   1.63879657      -1.23893023       3.27347279    
  -2.23094249      -2.83636403      0.249238938    
   3.47623134      -2.98787451       2.07795310    
  -4.08385038      -3.87556291     -0.319144815    
  -3.82056189     -0.312009603       1.11760199    
  -1.65579164       3.52141786       3.97395444    
   2.76872444      -3.72943830     -0.584133148    
   4.38590908      -2.56316972      -2.20675921    
  -1.61457729      -2.94728661       3.22920728    
  -2.26590300      0.226208955       3.62364817    
   1.09410429      -4.00043583       3.33663392    
  -3.22826481      -4.41552258      -3.46196842    
  -1.60286093      -1.27836561     -0.862310469    
   4.33904982       4.36584759       2.51425409    
   1.91529703       3.57873344      -1.16944969    
  -3.86212325      -3.97172379       3.87802625    
  -3.21944141      -2.80762887       1.24178839    
  -3.08830333      -3.80696416      -2.29472351    
   2.42623901      -2.14045763      -1.41961288    
   2.30073166       1.61461437       2.82799768    
  -2.53830552      -2.21884108       3.75443578    
   1.09822679      -1.38813400      -4.18484783    
 -0.198486164       2.78026557     -0.561889052    
 -0.727602363       4.38207674       1.74551964    
  -1.88589191       2.09646201      -3.86961198    
  -1.81502533      -1.59289002      -2.07404685    
 -0.872572601     -0.976259828      -3.85425162    
  -2.31350255     -0.514094234       3.80078816    
   3.09261298      -2.73894024       2.51479697    
  -1.47520649     -0.240380138       1.41818810    
  -2.38085127       1.24282846E-02  -1.32361126    
 -0.252928048       3.56845355      -4.42782450    
   4.40669918       1.49879813       2.74719334    
   3.51563334       1.89987969       1.27381718    
   3.10427952       2.40516019       1.74963951    
  -3.33942723      -3.27605414      -2.78774619    
 -0.610566854     -0.563449025      -4.14385319    
   2.58510423      -2.91258860       4.04230261    
  -3.55765676       1.71128285      -2.65038967    
   3.87601185       2.06291175      -1.74180639    
  -2.07214665      -2.67762756       3.43255353    
   4.44557667       2.15821457      -1.77595949    
  -3.02282619      0.892055631      0.930489004    
  -2.67764521       1.28851998       1.11360717    
  -1.33631480       1.81918323      0.471255600    
   3.87867427     -0.387195677      -2.04823542    
  -1.04503000       2.90011525       1.62082362    
 -0.773791611      -4.27498388      -1.68675983    
   3.60058498      -2.69720173       3.09538317    
  -1.70284832       2.42526770       4.24277973    
 -0.473065555       3.88623381      -2.43854666    
  0.754016757      -3.47526717      -3.89763999    
  -1.88608348      -2.06701774E-02   3.26842761    
  -2.25219745E-02   4.30276442       1.98792374    
  -4.39049530       2.11640954       3.87897944    
  -1.58811569      0.677277684       2.23475456    
   3.84926438      -4.09424305      -2.24222136    
   1.47912359      -4.42511368     -0.318407744    
   4.30713463     -0.443946421      -4.07069349    
   2.82173300     -0.187618390      -3.40370440    
 -0.960963726       3.91004848      0.225757271    
   2.48972273      0.711105168      -4.06783009    
  0.603738487     -0.361337572      -3.83605433    
  -2.73699713       1.54569232       1.27359080    
   2.48526812     -0.467101395     -0.493369877    
 -0.899135590      0.466950655      -1.86075747    
  -4.30681849      0.937308252      -3.46282673    
 -0.580398440       1.57708323      -2.75954056    
  -4.40549564     -0.281630367       1.07159519    
  0.851838589       2.97082567       9.63293985E-02
   3.17170167      -2.99186993       1.56178665    
   2.49583054      -1.60178375      -1.33671391    
   2.32586217     -0.300299078       3.22001958    
   3.82233381      -2.11174846       1.31444883    
   2.58444977      -2.62396407      -1.74742126    
  0.795639813      -1.56894171       3.54809785    
  -2.59604812       2.48770094       4.25680971    
 -0.475724161      0.103800423       1.41609168    
  0.889629304       3.20131874      -2.82227707    
   2.24126267      0.512550354      -1.32919514    
  -4.02704477       3.64545822      -3.23884606    
  -3.90021229     -0.921219289      0.896475911    
   2.94348645     -0.352391332      -1.66382909    
 -0.257676631      -2.16229463      -1.57065237    
  -4.01028347      -1.67493129      -2.84464717    
   2.83207393     -0.652101934       1.09034109    
   1.58534658      0.716121972     -0.298304588    
  -1.65327466       3.85258055       1.36586249    
 -0.939513028       3.28933334      -1.51659191    
  -3.71366477       1.49650323      -3.38667440    
  -2.33181095      -3.77978277      -3.28653312    
  -4.29000187       5.92693165E-02 -0.683270276    
  -1.09491587       3.05236864      -1.46890974    
  -1.60862875     -0.109000161      -1.34491444    
   1.09218919      0.578130364      -3.01976538    
   2.18938446     -0.103199609       2.81638408    
   1.86572659     -0.703003287      -1.82707322    
  -4.22778416       4.03910780      -1.34894907    
   1.28664458      -4.33234167      -3.81422973    
  -3.77595258       3.38120651       4.19660044    
   2.86227679      -4.44009542      -3.74731946    
 -0.816336811       4.02665854      0.668346465    
  0.321703106      0.689519823      -1.47362614    
   3.01489067       4.19445896       3.86562252    
   2.79407406      -2.98621893       4.32438087    
  -3.99144554       3.78183675     -0.128281489    
  -3.05145240      -3.32379222      -1.62983322    
  -4.33864641      -1.83726728      0.375190645    
   4.24043274      -4.11445284       3.98827577    
   2.99938226       3.43296552      -3.30685139    
   2.84987807      -2.26953006      -1.18135977    
  -4.07938433      0.839367867       3.41014433    
   3.00211954       1.19248664       4.08976841    
  -7.88253024E-02  0.999750614      -4.22827291    
   3.34927797      0.632866204       2.45505309    
  0.985705495      0.712517619      0.467327774    
  -1.24640441       1.79391634      0.259383053    
   2.93832231       4.35557938       1.16918957    
 -0.194307819       2.14180851     -0.439614654    
   2.91349030      -2.37811279      -2.84086418    
 -0.574305534      -1.80863571       4.09223318    
  -2.89191151      -2.36876678       1.52976584    
 -0.914332449     -0.481890023       4.07576180    
  0.699425757       4.36195755     -0.612662733    
  -2.00716901      -2.47259998      -4.30537462    
  -3.17465281      -1.74456692      0.531747460    
 -0.308802754       5.51118925E-02  0.577693164    
   3.11535072      -2.27892351     -0.288341254    
  -2.97416615      -3.14042187      -2.51632762    
  -3.23891950      -3.42249537       1.79407615E-02
   2.99711728     -0.439805090      -4.10692501    
   1.54191792      -2.44867158       3.31765413    
   1.42334819      -9.19053629E-02   4.06184530    
  0.737840891       1.18561864      -3.57533884    
  -3.20664763       4.36188650       3.60634136    
   3.10735655       2.99537444       1.77039123    
  -1.37178051       1.81859696       4.19586420    
   3.76379776      0.521199405      -2.01330161    
  -4.27775145      -2.98496151      -2.08672833    
   4.06512690      -4.34891748     -0.738211036    
   1.73040426      -1.40750277       2.84177399    
   3.73107481       6.03781417E-02  0.298082501    
   3.13207698       3.01837373      -2.56524611    
   3.33105707       1.42722392      -2.07804227    
   2.27275085      -3.61277175       4.18618965    
   1.91518331       3.30659389      -2.88102865    
   3.41079617       3.21651030     -0.332198054    
   3.95484424      -2.27472377      0.292690724    
  0.970003843      -3.25640965       2.30036521    
   2.63399768      -2.33115792       3.27458978    
   1.14804566       3.76957369      -4.22893524    
  0.371850222      -1.56474078      -2.49103689    
  -3.67355657      -3.90213871       3.93555212    
   3.61749887       3.50414991       2.81967783    
 -0.994762242     -0.633030891       4.18274975    
  -7.55170658E-02  -2.29883051      -3.37839174    
  -4.09205198       2.12151432     -0.145482495    
  -1.34755695     -0.541886747       3.45846868    
  -3.73913860       4.42713022       1.40660095    
  -1.29124343      0.545256138      -4.49155188    
  0.663955152      -2.71231222       1.50066602    
  -5.70092872E-02  -2.19637108      -2.86738110    
  -4.16048861       1.59995818       3.76209998    
  -1.56823415E-02  0.302607924       3.51906610    
 -0.539260864       3.70020580      0.997960508    
   2.89329171      0.814524710       2.17905045    
  -2.56841063      0.686267376       3.67017579    
   3.07503343      -2.81059384      -1.26681662    
  -4.20456028      -4.33526039     -0.832974017    
  -3.00276542     -0.137148336       3.13733077    
   4.06298876      -2.30056787      0.951190293    
   2.78078580       1.59739244       3.70308757    
   4.28785658      0.704784811       2.17268991    
  -2.31658173      -4.33966637       4.46962166    
   3.18531084       1.38169181     -0.889085889    
 -0.221354157       3.13024449      0.595776618    
 -0.647765338      -1.21995735       2.34125113    
 -0.742301404     -0.726085842      0.443434119    
  -3.07854915      -2.72241020      0.417626411    
  -2.14917111      0.672992587      -3.03510857    
   3.79381394      -4.23858166      -3.30839133    
  -1.80650389     -0.143352285       1.00221765    
   3.37270927      -1.13533473       3.21752954    
  0.934311688       3.89805102       1.77225530    
  0.342088968      -2.38444972      -3.60208702    
  -4.10756302       3.76405096       3.93183994    
   3.24636579      0.849920809      -4.01201439    
  0.893486857      -1.69070065      -1.30236173    
  -1.35423410      -4.12624073       3.46814656    
  -9.87348035E-02  -2.80667615      -4.46029663    
   3.79835320       1.69112659      -1.82075024    
  -3.76134896     -0.898605585       2.89807463    
  -2.86508512     -0.803582907       4.11566830    
  0.813637972       3.55365157      -2.58924341    
   2.75283837      0.520732164       4.33918810    
   2.24225497      -3.65403223      -1.17400515    
   4.47257423      -4.07122564      -1.63102198    
   1.96699762      -3.15206480      -3.54944587    
  -3.71940827       4.30957937      -2.45007968    
  -1.07287776       1.28827262       2.43002152    
  -3.72112775      -4.05189419       4.08955908    
   1.20465267      -3.99537611      -2.33100986    
  -2.65979719     -0.115705147      -1.77861595    
  -4.03495741       3.36631966      -1.17959547    
   3.66140032      -4.37296867       4.09521437    
   3.03454423      -1.32559073      -1.53925502    
   1.84450543      -2.79574227      -2.32957172    
   3.10260653       4.25392103      0.846962869    
  -3.74508953      -2.83774948       2.37508178    
  -4.01280022      -1.60642231       1.20203316    
  -3.79959631       4.38281679      0.808992922    
  -1.35738134      -4.02884769       4.12938881    
  -3.12034273      0.698741257       1.91249835    
   2.49210024       2.42151260       1.76962888    
   3.70982528       3.93344164       1.33195829    
  -3.95560002     -0.774898827       3.21646523    
  -1.27257264      -3.87504935      -4.06830978    
   2.83226132      0.861049294       4.06689596    
   1.25161433       1.47831357      -1.15538526    
 -0.261299759      -2.68137288       3.38740230    
  -3.13319159      -2.16547632      0.258689433    
   3.88366461      -2.07338381       2.90717864    
   3.16278982       4.22619200      0.653384030    
  -3.59078741       2.55941129       4.26922655    
 -0.137520626      -6.37132004E-02   2.18258762    
  -2.70508957       2.71983433       1.70103037    
  -3.03929710     -0.751337230      0.646980524    
   1.76067889      0.157052472      -3.94769502    
  -1.45325851       4.38096666       2.06967258    
   1.89257228     -0.481809020     -0.803886533    
   1.99115252      -1.62604964      -1.51202953    
   2.48278379     -0.598460972     -0.990202487    
  -3.86310244       4.01613569      -2.08151674    
  0.982234180      -1.97637570      -3.73066568    
  -1.41367877      -4.26090336      -1.65165085E-02
   2.18657303     -0.918305874      -4.16063643    
   1.47933447      -1.26844680       1.88527882    
  -3.25445533       2.34477139      0.490417838    
  -2.63053441      -2.38971376      -2.45023680    
 -0.955295146      -3.65303278      -1.51224673    
   3.55601311     -0.242384285     -0.370743006    
  -1.74239540       1.78195524     -0.125981763    
  -1.14561987      -3.02762426E-02  -3.76470113    
  -2.36626220      -1.17811000       4.01737404    
   2.27622843       3.90471029      -1.81686044    
   3.67856431       4.07880926       2.87340569    
  0.818693399     -0.824559927      -3.03589725    
   1.38722575      -2.91293502       1.35641098    
  -3.43862247       2.48993182      -1.18557084    
   3.15554094      -4.45368385      -2.35798931    
  -3.05093002       1.92385972       1.97184229    
   1.90453756      0.938212156      -3.54798460    
  -3.47308445       4.04606962       3.06246614    
   2.20245481       1.72410107      -1.68111920    
   2.07053852       4.01426888       4.41197824    
   3.45654702       3.15377283      -2.05057359    
   1.16501331       3.05182481      -4.12003183    
   4.38177872       3.91815948       2.12009978    
  0.735609293      -2.70355487       4.37133932    
  -3.71540427      -3.05750990       1.31936693    
   1.94632745      -3.01857281       3.00701141    
  -2.61843705       2.55672050       1.22189009    
 -0.104198463      -2.82600856      0.496560633    
  0.472899258       2.29885197       2.92761803    
   2.72334695       2.77535820       3.77925801    
   1.24625313      -2.02711606      -4.29642391    
  -3.56597686      -2.44023323       2.53291583    
 -0.225569516      -4.16073370      -7.87426904E-02
  -2.21916771       1.07509327      -3.50945139    
  -3.99317670     -0.314715952      -2.99467802    
  -1.24409771      -4.09316301      0.467910349    
  0.124335960      -2.68786383      0.605591893    
  -2.90730882      -1.43789375      -1.99576807    
  -2.35076761      -1.79894650      0.772145271    
   3.60024166      -1.79982150      -3.68827486    
  0.873626173       2.78490043     -0.117046252    
   2.77826142      -2.06917000      -3.56124926    
  -8.16298202E-02   1.82303917      -1.40884221    
   3.16107750       1.29519165      -4.34019327    
   2.57903171       2.51502132       4.59998893E-03
   4.05870056      -3.26316071      -1.14809883    
 -0.464889109      -4.29272270     -0.837096572    
   1.63890922      -3.16604662      -4.04124737    
   3.57026887      -3.22294807       1.14537585    
   2.27336550       4.22584724      0.215743512    
  -1.12479520      -3.57717776     -0.196279243    
  -2.45552397      -2.03276587      -2.81601787    
   2.88229775       4.05973291       3.04790545    
   2.55042100      -2.96007490       1.18901002    
  0.258696944      0.202461734      -1.44237733    
  -4.37566614       2.81130338      -3.75946975    
  -2.04181242       3.38469601      0.224878579    
  -3.49375296       2.74747276      -1.04877174    
  0.798987210     -0.408978432      -3.50133133    
   2.54226923       3.11732960       4.28406858    
   3.84588194       1.83690190      0.991226554    
  0.480000675       1.21921432       3.41776133    
 -0.275939792      -2.52332973      -2.19792986    
   3.95815825       4.17858171       1.20462477    
   2.93566942      -1.55457306      -2.93759847    
   1.42115462     -0.986919999       2.07749295    
   4.41267538       1.71605825      0.687961996    
   5.45427278E-02   3.91840887      -4.35027885    
   3.32125688     -0.975181043       1.75281680    
   2.38776231       3.02356863      -2.54491997    
   3.22324038       4.33766603       1.59901893    
   3.93043017      -1.58286071      -4.12979841    
 -0.756061137     -0.543383420      0.692589879    
  -2.85452247      -1.76313472      -1.31251225E-02
  -1.93118858      -3.51904511      -1.76865578    
  0.539399803      -4.49862337      0.423587382    
  -1.48555827      0.815433979       3.49810243    
  -2.05257773      0.440813065      0.426487386    
   4.21529531       3.27943754      -3.21956587    
   1.77333355       1.96585286       2.47776222    
  0.763234973       1.14522564       1.43019211    
 -0.365329772      0.506219268       1.60869253    
   4.28912449       1.84283280     -0.768516779    
  -2.07904220      -1.54957020      -3.43431091    
  -1.96087468      -1.52387953       2.14424610    
   4.14257097       1.19960308      0.305469841    
   2.69293213      -3.10610676      -4.23564720    
   4.45085287      -1.07077813      -3.81148863    
   3.34765196      0.293503433       3.75753379    
  -3.94799066      0.149479523       3.80073142    
  0.807047784      -1.29426467       2.65548062    
   4.48757124      0.202756241       2.63118339    
  -2.43901992      -4.40559816      -2.39462495    
  -2.04044509       1.20216465     -0.434649348    
  -1.86246717      -2.40218782       1.28545368    
  -3.82844281       3.88471389      -2.30811405    
   1.89854443      -2.93236613      -3.39148307    
  -2.37440157     -0.585369647     -0.790052235    
   3.33243203      0.120714977     -0.756423235    
 -0.367389709      -3.59303498     -0.735063732    
  0.205899253      -3.16296625      -1.72425556    
   1.29688311      -4.33027792       2.47712922    
  -2.68388462      0.396160156      -4.08247423    
   1.12396479       1.15696454       2.52086043    
  -2.21567392       1.08419192      -3.28408575    
  -1.16634798       2.21470761      -3.27738714    
  -4.14286804       3.22411156      -2.97023463    
 -0.489293993      -4.47658300      0.868071854    
   1.47572899       3.12673664       1.14430618    
   2.47119832     -0.429077864      -1.59858227    
 -0.203163400      -4.42304182      -2.53741193    
   4.47282171     -0.183830038      -2.53233290    
  0.626475036       2.66416335       2.46837282    
 -0.260518700       3.12053585      0.255722910    
  -1.64330161      -4.35760641       4.16130924    
   3.22696018       1.72691047      -2.54882789    
  -1.94466186      -1.28356588       2.46813297    
   4.30401611       4.34311867      0.190653577    
 -0.452852428       1.75585842       1.81563580    
   1.28404820      -1.53533363       4.08846807    
   2.82546449      -3.52099562      -1.20096087    
  -3.11375952       4.29624796      -2.55638957    
 -0.121982589     -0.238806754       1.24943209    
  -1.58586216     -0.727104008      -3.74876237    
   4.22930764E-03   4.06322956       1.18511117    
  -3.55966949       3.34041333      -3.18800950    
   1.34075010      -2.58975577      -3.70547581    
  -2.70171595       3.76527095      -2.08985090    
   3.36635184       4.14429235     -0.630456507    
   2.03995967       1.43765020       4.01801300    
  -2.77187276      -2.30568504      0.322824806    
  -4.11270714      -4.43904734      -2.00069427    
   1.54134333      -2.62442708       3.95274019    
   3.60621214      0.757457495      -3.35177827    
   4.27221489       4.21789742      -2.35806918    
  -2.69145966       1.01342344      -3.50202346    
   3.79209733       1.76835215       1.46448624    
  -1.13061666       3.07217026      -4.15805197    
  -2.19467044      0.180177405       3.24500060    
  0.798110127      -3.04813409       4.77036275E-02
  -4.13765764      -4.40800190       3.62068367    
   4.35575771      0.318714052      -2.14245653    
   3.05055594      -4.01785517      -3.09112883    
  0.721152186      -1.91297472      0.424397945    
   1.26675379      0.567961574     -0.309899777    
  -3.68356442       2.35292149       2.09602261    
  0.852770388       2.20425558       3.82725191    
 -0.227830619      0.120637193       2.11985087    
  0.779309452       3.79853129       4.47356176    
  -3.59200668      -2.75124884       4.17370701    
   1.34646428      -1.81743550      -1.34007847    
   2.99277759      -2.61968923       2.87483764    
   3.98474479       3.60792017      -1.15539122    
  -3.78546262      -1.60772753      -1.94852960    
   4.20562410       3.92840338       2.23411036    
   4.49305534      -1.23479795       3.78089952    
  -2.79389262      -1.85067940       9.12299827E-02
 -0.376004428       1.07364810      -4.19859934    
   1.34514940      -1.65486407      0.995434940    
  0.488402426       4.36258125       1.20110679    
   4.42426348     -0.348599762      -2.91252947    
   1.42914712      -3.21587825       1.55521095    
   3.31604266      -1.51102209      -2.44098330    
   3.85947180       3.43487096      0.351663917    
   1.97968447      -3.94200230      0.978081584    
  -2.50087094       2.29698443      -3.94251728    
  -4.01025867       1.52856052      0.650458276    
   5.55759147E-02  -4.30717373      -4.74472083E-02
   3.40691376      -3.78202176      -1.35417187    
 -0.125098780      -3.02055502       2.68826938    
   2.90745759       1.76279354      -2.98719645    
   4.12770987      -2.02935052       1.40295589    
  -2.15954280      -4.23972940       4.12959099    
  -3.89206743     -0.878787816      -2.29264903    
  -2.84629345      -1.23545992       1.12069941    
 -0.963076770     -0.870516956       1.90628266    
  -3.12289190      -3.57850337      -3.17172217    
 -0.206946924      -3.78298640      -3.99336863    
 -0.265494198      -3.41542816      -1.40558500E-02
   3.64222622      -1.74158049      -1.72285712    
   3.28968096       1.04264712       1.44505095    
  -4.41333342      -2.49559522      0.774611294    
   1.55495989      -4.10159111      -4.39168167    
   3.45577359      -3.71605992      -2.26709890    
   3.02857542      -1.41421580      0.580739617    
  -4.06441402      0.343938619      -4.04980946    
  0.231188744      -2.52977562       3.14334488    
   3.03220701       1.66822636      -4.03170061    
  -2.14295316      0.255611330       1.17970216    
  -1.85361052       2.27653646      -1.82126570    
   1.94113255       1.49537516      0.365029901    
   1.87973356       1.55143917     -0.196609691    
   3.23775053       6.35055974E-02   2.54521275    
   2.52508020       4.32056665      -3.54506755    
   4.43563461       3.89890933       3.37023020    
   1.77923226       4.49692297       3.62054372    
  -1.69778168      0.903625071      -2.56066489    
  -3.66446495       1.03953254      -1.44039416    
  -4.02830648       1.42768741      -3.93840766    
   1.11806393      -4.12150621       4.34741020    
  -1.83862340       3.70913339       8.75827149E-02
  -1.26120269      -4.26144838       7.04959705E-02
  -1.70914567       2.18972778      -3.58926439    
   4.18013239      -1.26561821     -0.736072242    
   4.41181374      -2.94253373      0.420840234    
  -4.20962286      -2.37862301      -4.12214422    
 -0.870927334       2.40828824      0.886492729    
  -1.92031217     -0.174593583       2.27954650    
  -2.51452136      -4.22539663       3.51517057    
  -1.52105510      -2.22196412      -1.60206747    
   1.40088522       3.09872627      -1.50778997    
  -3.00867391      -4.18945789       4.35309744    
  0.812854230       2.08858490       1.09351254    
   4.44833374      -2.63435054       2.32291770    
  -1.13445604      -3.41055417      -1.80146837    
  -1.87839246       1.36770141       3.47819781    
  -1.41416807E-02 -0.935036957       2.80190706    
 -0.470729351       2.76417923     -0.908158541    
  0.969703436       3.61542130       2.54048181    
  -4.47081470       4.22304296       4.33396101    
 -0.309077412       4.18761921      -1.91616440    
  0.243369728       4.15131044      -4.30047178    
   2.99916816       2.88869214     -0.242706150    
   3.07553697      0.923750758       3.73415613    
   1.56727278      0.657221198       3.57553887    
  -2.94703889       2.36922884      -3.61787987    
  -1.67293572      -3.85802603       2.17022014    
   2.77863908       2.81353354      -7.33868554E-02
  0.778404474       4.12874269      0.516027570    
   3.45728779       4.11272812      -3.44859648    
   3.93639588       3.08281970      0.860939324    
  0.744572163      -2.71074796       4.09762239    
  -1.35646892      -3.63785911       2.04460526    
 -0.309121937       4.27195358      -3.23097372    
  -1.93809903      -3.71700287      -3.75935030    
   2.17090893      -1.90516365      -3.90937853    
  -3.29181266       2.66674638       1.86766899    
   1.24845898      -2.26761961      -3.29630589    
   4.35981035       4.16719627       6.97540715E-02
  -4.27987385      -1.56318140      -2.50839996    
   3.88057113       2.30354571      0.871992707    
   1.03750002      -2.49572921      -3.02441835    
   3.85348606       1.27294278     -0.628022134    
   2.63165832       2.61783528      -4.24427843    
   2.83513880      -2.48012567      -2.60554695    
  0.416723579       1.54173386       4.28999281    
  -2.20484304       2.99986863       3.37428212    
   3.21654248      -2.44925141       2.72956967    
  -2.60794473      -2.66738844      -2.53258824    
  -2.60701776       2.96395135       4.22692013    
  -1.63237059      -4.49191952      -3.96818709    
  0.683987498       3.75721788      -4.30476046    
  -1.42936647     -0.454536319      -1.64575267    
   4.30104494      -1.45532334      -2.07344174    
  -1.32099235      -4.00706577       3.88417101    
  -2.63562727       1.71116102       1.52437842    
   2.85606360       3.55108905      -2.92225361    
 -0.536215484       2.66290283      -2.77155209    
  -4.25552082      0.612428308       3.91504645    
   2.28269649      -2.75656390     -0.592533827    
   3.51226664      -3.62364817       3.04190326    
   2.41227169E-02 -0.520662963       4.45978308    
  -3.18282819      0.653192520       2.81490993    
   3.58333349      -3.18422818      -4.31401968    
   6.01399615E-02  -2.81665134      -2.91025877    
   3.52112937       2.50548720     -0.536487460    
   1.25897753      -1.57201231      0.668711245    
  -3.78161311      -1.94263887     -0.349120647    
  0.894218028       3.75722861       2.46806163E-02
  -1.61086726     -0.834141850      -2.46216559    
   3.91688395      -2.92385173      -1.29507852    
  -2.54493499       2.49693036       2.97108316    
   4.23989344       2.23488331      -1.04188383    
  -2.81443048      -3.00024629      0.278140277    
  -3.12546635       3.58430862      -1.73503911    
  -1.46169782       2.79229951       1.71237504    
  -4.36241341      0.494809687      -2.45835423    
  0.475322366       2.62025237       2.45433688    
  -1.42272377     -0.611450911       4.14135361    
   2.19784904      -3.96281934     -0.596857011    
  -2.24627566      -1.58757448       4.01758862    
  -1.48380888      -1.85056889      -3.48279953    
   2.49689770      -2.37278485      -4.01755953    
   4.35806799      -1.95132387       4.39791059    
  -1.64273942      -2.48553586       2.01821113    
  -3.18103051      -9.85121801E-02  0.217416674    
  0.242070466      -4.46356535     -0.914692402    
 -0.349239200       3.93152499       4.10207605    
   1.05153060      -1.95264351     -0.430814862    
   4.24740839      -3.73791885      -1.89269292    
 -0.102500625       1.37291837       1.60000432    
   1.70659113      -1.99345601      -2.85733891    
  -1.76542318       1.44837046      0.991187394    
  -3.38232112       3.82162046       1.17381310    
   2.41817427       3.88068795       3.42116380    
  -4.23491144       4.22519302      0.164948359    
  -3.31544089       1.70592058      -1.95413804    
  -1.21945632       2.50504613       2.76343083    
   1.73145413      0.729009449      -1.29954219    
 -0.717476487       4.30049658      -2.71983433    
   3.52429152      -4.11408520       3.00608134    
  -1.51139116      -3.77028394      -1.54490590    
  -3.02083063      -4.43488359      -4.25155544    
   1.69465208      0.131486729      -3.52505875    
  -3.34136653      -2.42001200     -0.796655297    
  0.992412627      -2.27748156     -0.176308587    
   2.00911903       2.92117977      -2.24738455    
   3.30198574      0.389609128      -1.59127104    
 -0.183041468      -1.49061096     -0.795252502    
  -3.52779889      -1.35404253      -3.05713820    
   3.62188911       2.78272772      -3.65218353    
  -3.72830367     -0.827478170      0.431696773    
   2.88518977       3.00253224       2.57170010    
  0.689939857      0.596267998       2.42236710    
  -1.34060419       3.18421054       2.38058996    
   3.87460685      -2.03269887      -1.93147397    
  -2.90875840       1.47508264       3.14069533    
  -1.28673255       3.37230897      -3.39342928    
  -1.36321843       2.58267784       4.14706469    
  -4.41987038      -2.91600037       2.38799286    
   3.29996777      -1.78088987      -4.31839561    
   1.89694643       2.04115009      -1.35599518    
   1.97516978     -0.682504237       1.42673469    
  -3.92516065       3.06925215E-02   1.32932174    
 -0.541173279      0.260432333      -3.13196802    
   2.24578118      -3.06646466       1.14201880    
   2.23511672       1.85778940      0.112556770    
 -0.131669655       2.52630115      0.510909915    
  0.420243174       2.61066937      -3.65238214    
  0.590417564      -5.62105253E-02   1.14695024    
  -2.15210176       2.58042264      -1.78052783    
  -2.59050608       3.87788452E-02  0.978459239    
  -4.29963732      -3.47885871     -0.780507326    
  -2.49382710       4.15613890       4.16139746    
   3.38957286       1.71984172       2.77922487    
  0.828790307      0.655664980      -2.18251324    
   1.92657728E-02   2.99664736      -4.28029060    
  -3.80097103      -3.45922923       2.32659721    
  0.987608790       2.23900795       2.10108180E-02
  -1.76589203      -2.93467808       2.25484443    
   4.20547199     -0.442727089      -3.97211552    
   1.14391673     -0.487203479      0.264106423    
   1.82985306       1.08264804      -3.18601775    
  0.348632485      -3.54563618      -3.71191478    
 -0.269229978       3.09624743      -3.33107066    
  0.897128224       1.08939648       4.38597822    
  -1.73750460      -4.26815224     -0.888129413    
  -4.11515045      -2.86296391      -4.10311174    
  0.772484303     -0.461481631       2.72896814    
   4.10466099       1.30438685      -1.67052233    
  0.767585516       1.48849583       7.15130642E-02
  -4.30644321      -3.98585701     -0.303748399    
  -3.44092369      -1.38862157      0.985172808    
  -4.35141087      0.277788907      -4.34928894    
  -2.14806604      -3.70775747       2.09538746    
   2.57949519       2.47177076      0.157748774    
  0.429306388      -7.39597753E-02  0.578519285    
  0.722837150     -0.139002815       4.37323380    
  -1.92424965       2.95264316      -4.00955677    
 -0.545678318      0.447761059      -4.46532869    
   1.05550563     -0.629476964      0.129544273    
  0.308130056      -2.32396436      0.151926771    
  -1.73030186     -0.589450896       2.52115655    
   3.87689114       2.69690776     -0.767600000    
  -2.42620754      -3.26230097       3.13229156    
  -1.85744870       2.52769423      -3.35764098    
  0.362978548       3.30364394       1.34353960    
  -2.48170614       3.19391632       4.28530407    
   2.71283197     -0.239459604       4.07803965    
   2.97910142       1.77911854       1.00870812    
 -0.166839853      -1.51519072       1.08594227    
  -1.05681241       1.76910591      -1.00348854    
 -0.642150939      -3.45195937       2.65111828    
  -3.96276951      0.800891578      -1.47056901    
   1.19095135      -2.32978797      -3.26398110    
  -2.95008254      -3.22830391      -3.07417512    
 -0.622346580      -1.08532965      0.138191178    
 -0.768915355       3.56673861       2.36738706    
   2.27543449       3.28294683       1.09547436    
  -1.98508644      -4.29843092      -1.61682665    
  -1.46550930      -3.81195092       2.01556444    
  -1.52224386      -1.31215024      -3.73059106    
   2.94162774      0.546775877      -3.17911911    
  -3.28388572      -2.73333859      -4.10870886    
  0.666910410      -1.10836661      -2.20921350    
   7.50616267E-02   3.32318544      -4.11414385    
  -1.44799066      0.931262553       1.43248749    
  0.254089981      -3.01971340      -4.10294533    
  -1.03139472     -0.112974659       1.82835054    
   1.13977003      -3.29463601       1.96924639    
  -3.26200366      -1.22834301       2.58616805    
   1.78075361      -1.84714901      0.610939145    
  -2.66437840       2.87945890     -0.181415513    
  -2.38010621      0.681096077      -2.56270242    
   4.39681768      -3.66094112      -1.15779126    
  -6.20126799E-02  0.656400979      -2.93149710    
  -4.37539577       1.78170204       3.75476837    
   3.95353460       2.42694712      -2.82427049    
  0.196643487      -1.47204852       3.67560244    
   1.36823201      -2.36922169       4.29566765    
  -3.82303381      -1.31780481       3.12755799    
  -1.77894849E-02   4.24630213      -4.15046072    
  -1.64841557       4.39326048       1.59682107    
   1.66370630       1.63525498      -2.24006701    
   3.85854411       1.85057962      -2.18720174    
   1.96750402      -1.50812209      0.798684657    
  -2.81271338      -1.46260715       1.64143324    
  -2.79680562      -1.31994367      -2.78620863    
  -1.38474476      -3.94078565       2.00665689    
  -3.56632185       2.02476382     -0.114548579    
   2.44294286      -3.22429442      0.923267424    
 -0.616583586     -0.482671082       3.51635718    
  0.285655290       3.21334958      0.169001713    
   1.61253345       2.12495232       1.22292972    
   1.08083212      0.798946977       4.47178650    
  -3.68063807      -4.43714952       4.48366785    
   2.38760948     -0.122630611      -3.69317961    
  0.792418480       1.90683031      -1.52226639    
  -4.31284142       3.89031982       1.45245123    
  -1.03780687      -2.70185542       4.32627583    
  -3.10250282       1.54265070      -1.49968433    
   1.47216058     -0.965046585       2.58832073    
   2.88847828      0.776054859       2.39650726    
   1.87586534      -2.95898390       1.45530403    
   3.13922405       4.41365862       4.47986984    
   4.05212498      -1.21299696      0.400126070    
   1.85122490     -0.160743192      -2.70214939    
  -2.10855651      -4.38424873       3.07229853    
  0.345935255       2.43812513       8.56327489E-02
   1.52127504     -0.954199731      -2.38296700    
  -2.70562291       4.49229717      0.523189604    
   4.05142260       2.23428082      0.229629308    
   3.65020800     -0.781115651     -0.333150238    
 -0.638613641      -3.82295179       2.70802498    
  -2.99048305       2.64565086      -4.06389332    
  -2.03516984      -2.94337010       3.04759383    
  -3.06885028       4.41190386       3.84760499    
   4.42310095       1.90869820       2.46103549    
  -3.82551932       3.15360212       1.59394205    
   2.10429502       2.50684977       2.42109561    
 -0.587161899      -2.85013914       3.01686811    
   2.23944402      -2.04268312       1.24311817    
  -4.49663782      -4.23138094      -1.18072200    
 -0.957046628      -2.06999874       4.40128708    
   3.08865094       3.70144081       2.86567402    
   1.47985160      -2.67942524      -1.20892811    
 -0.841604292       3.35954762       3.96077132    
  -2.09401107      -2.18450117     -0.617262721    
   4.47234058       9.44872573E-02   1.70969386E-02
   2.64141941       4.94733490E-02  -2.29935932    
  -2.20644379       1.44039035       2.70936513    
   4.11757517      -3.33215904      -2.92761326    
  -1.79305422       1.25369358     -0.187832430    
  -1.18459189      -1.35989034      -3.88175344    
   2.96038604      -2.74539566      -3.48493242    
  0.745857477       1.59604168     -0.877777159    
  -3.38137436       2.45013428      -2.44886994    
  0.994453788       1.14424980      -2.56575584    
   3.23475194      -2.11901665       3.38034058    
   2.21181512       2.26485157       1.18409407    
  -3.56725192      -3.88382983     -0.763458133    
  0.481542945      -2.10444641      -2.45012569    
   1.52689910     -0.213276953     -0.218029290    
 -0.986111045      -3.16100073       4.09279728    
  -1.82804739      -1.64511263       2.74844813    
  -4.22645664       4.37278509      -1.31854296    
  -3.59233655E-02   1.15054607      -3.82092142    
  0.233112425     -0.175545231       1.42698903E-02
 -0.310034424      -1.83289099      0.140436187    
  -1.61429083     -0.842209935      -2.92153525    
   1.47212517       4.46783495       2.77587748    
   2.12159419       3.83359742       3.97867298    
  0.809020281       1.15936029       2.82203078    
  0.505192518       4.39859056       3.36411214    
  -2.16850615      0.791921735       3.40026903    
  -2.30535364       1.70440030       1.07472050    
  -4.30874300      0.812521100      -2.80435395    
   1.05802426E-02  -4.19288063      -1.83968449    
  -3.30327153      -4.46214628      -3.57533836    
 -0.725873411       4.12054205       4.44015026    
   2.58496642      -2.95272946       1.15160441    
   1.19726098       1.66676617       1.19397748    
  -1.07570267      -4.18116426       1.57882130    
   2.24605632     -0.132902399      -1.27543294    
   4.49933863       2.40237164       1.92517233    
   1.04449892       3.77881980      -1.66644907    
 -0.952120483      -1.52018774      0.440332413    
  0.701844037      -1.44592643      -2.30202556    
   4.33861208       2.91381979       1.37967968    
   2.31051350      -3.14426446       1.35372388    
   3.94903564      0.496997833      -1.87374258    
  -1.34210026      -3.74310780      0.956885695    
  -4.33536863       2.29388118     -0.553465307    
  -1.41938865      -1.64267182       2.82153344    
  0.579341114     -0.337439626      -3.86741161    
   4.35094404      -2.97068405       3.40838647    
   2.85719670E-02  -2.75626826     -0.144905820    
   1.60582209      -3.53545451       4.06414080    
   4.40864706      -3.83540845       3.75566053    
  -1.02834511     -0.927958071       1.24197185    
 -0.314667672     -0.804393470      -3.37306213    
  -2.50681162       3.91903877       2.95873332    
   3.75362539      -1.21176314       4.38161469    
   2.71086001       2.27946758     -0.254865676    
  -3.57474494      -3.94570422      -4.16162777    
 -0.980078757      -2.82383275      -1.31966150    
   2.67419481      -1.44087851      -2.79498649    
  -3.02382135       1.60015452       2.29285455    
   1.67495275       3.78070593       3.16053367    
  -1.91934764      0.544661760       3.88006902    
  -4.48478031      -1.92544973      0.276269168    
   4.13454723       4.14492083      0.498296559    
  -2.13585138      -3.41208148      -2.61653590    
  0.598279655       1.20058751     -0.633519590    
   4.02930832      -4.49041367      -1.45883596    
   2.60877419      -2.34124899       2.96674395    
  -2.19051790       3.47399545      -4.06810808    
  -2.89178538      -3.08770466       1.89462304    
   2.65289164      -2.99792743      -1.89590788    
  -4.29109812      -4.44677401       3.28685927    
  -4.27656507       2.57034445       2.39138174    
  -1.07623374      -2.31555128       3.66658497    
  -1.73715973     -0.446305156     -0.141814306    
  -1.83878648       1.86949825       3.12329435    
   1.72989202      -3.76061511       2.51733398    
   2.35841846       3.83706141       4.46117020    
  -2.72052312       3.28780007      -2.65793157    
  -2.38472652      -1.10128939       3.40273070    
   3.36341047     -0.702838600      -3.61579251    
 -0.618556082      -1.24302542       2.31186175    
 -0.624283135      -3.47453666      -1.88002002    
  -2.62394571       2.43901348      -1.71260083    
  -1.43013680       2.94436955       2.69665456    
   3.68560886       2.88872981      -2.16605091    
   1.63608277       4.33152390       3.89306951    
 -0.598079026       2.87855029      -1.66913295    
  -3.81865644      -3.36015582       3.04765606    
  -3.47002292      -3.66383457      -1.58668876    
  -3.73383164     -0.878571093      -2.03471112    
   1.48992968      -3.52496529       1.23583758    
   1.94861114       1.42150331       4.20035410    
   4.12019014       3.73920631       2.93008351    
  0.940420687      0.870790005       1.61580896    
   1.16782379     -0.873560727      -4.24757957    
  -2.10418892      -1.32924342       2.72209167    
  -3.21950936      -2.04300284       2.50677943    
  -3.08473921      -3.93029165     -0.169325188    
   2.94522023      -1.21427858       1.42727005    
   1.23731601      0.404742688     -0.469026148    
   2.20806503     -0.274425954       3.31070232    
  -3.98848438      -2.37582374       1.49281251    
   4.29196405       3.51972651       2.53291440    
   2.62207842      -3.72813249      0.668137252    
  -3.74995542      0.192841724       3.29852891    
   3.74018312      -3.61093974     -0.679717422    
 -0.990542054       2.72799182       1.49742007    
  -2.46262383      -2.56804156     -0.927840054    
   4.18671989      -4.14912939       3.07827663    
  -2.92142439      -1.32403934       3.20620942    
  -1.69466436      -4.28915787      -1.00100911    
  -3.26884127       1.84955716      -1.76341748    
  -3.99656582      -1.64605999       2.40739346    
 -0.785585284      -3.46698308      -1.72533119    
   1.59965885      -4.18981647     -0.847639322    
   4.47359610      0.909828484       4.34018040    
  -3.95500779       1.53399682      -2.57080150    
  -3.38673401       1.24403012      -7.57075027E-02
  -1.49145639       3.39617205      -2.93197012    
 -0.515273333       3.16413307       1.28643537    
  -3.15390754      -2.58591366      -3.37184167    
  0.454868376      0.431141019       1.96636033    
  -2.21364069     -0.898749888      -1.47423339    
   4.42041874      0.737596810      -4.19005489    
   1.23945749      -4.45462704       2.44419217    
   1.04319060      -3.43050432      -1.45327306    
  -1.04696715       1.08954179     -0.145196572    
  0.549936593      -2.63817716       2.42464375    
   4.22635508      -4.08023357      -2.25230217    
   3.09438491     -0.890467763       2.06473684    
 -0.599833727      -2.67727399       3.71751094    
  -4.39192247      -5.84887937E-02   1.82089984    
  -4.47030449       2.60739231      -3.62379408    
  -2.70369744      -2.69329858       1.59438729    
  -1.58491158       1.76672137       1.90873146    
  -1.99476171      -3.91420163E-02   2.56496716    
  -1.44104380E-02  -1.25885797       1.02585065    
  -3.35014153      -2.16878939       4.28410625    
  -1.65559042      -2.39063931     -0.904855132    
   3.33585835      -4.00717735       1.57071996    
  0.387956887      -1.31216741       1.52956152    
   2.47008133       2.48088861      -4.29775047    
   3.21788502       3.18272352      -1.55300188    
  -1.21470881      0.755598724      0.842347801    
  0.622310638      -1.02795780      -4.43837595    
   3.48432398      -1.47794616     -0.901327491    
  0.838868439       1.91261160     -0.258649200    
   2.12052894     -0.241237909      -2.21996164    
   3.32902503      -9.23055504E-03   2.54952621    
 -0.523867667       2.27354789       3.93515873    
  -3.67417932     -0.491545975       2.95632148    
   2.11126947       3.52009940      -1.87081683    
   1.97043574     -0.372769147      -3.21829605    
  -3.09666634     -0.945062518     -0.312165707    
  0.170224801      -1.66913617       3.02087784    
   2.18389010       3.48093700       2.82440400    
  -2.04271913       2.40632153       2.21747041    
  -3.81620598       1.29510796       3.77120876    
 -0.698532045      -3.48837256      -1.04232311    
   3.34106016      -1.73726749      -1.83826506    
  -1.23632526      -4.11899042     -0.818712175    
  -3.02708125      -3.39567852     -0.621137977    
  -3.61026120     -0.981676280      -1.51741970    
  -2.32453561      -1.51676250      -1.66497123    
   1.57779729      -2.12756586      -4.07475090    
   3.00490808       2.72231627       3.35135770    
 -0.496732831      -1.68856025      -3.12294626    
  -2.51783872      -3.83915830       2.67196369    
  -3.00327468      -1.16515875      -3.30920839    
 -0.897127688       1.08162284      -3.72309113    
   1.62318289       2.37211537      0.361999005    
  -1.30899596      -2.27201200       1.99282038    
  -1.79035866      -1.18224061      -3.82435775    
   3.86955523      -3.93933606      -1.65307665    
  -2.02323985      -4.02027559      0.363933414    
   1.84558642       2.97053766       2.53722787    
   3.19419479     -0.274675936      -2.94223833    
  -2.75116181       3.60541940     -0.398285002    
   2.62970829       2.62723637     -0.864013135    
 -0.538499653       1.72698390      -6.94896057E-02
  -1.29810512      -2.77673888      -4.16274548    
   1.65485394      -2.71801901      -1.26477921    
  -3.67944026       3.27568030       2.08541727    
  -1.84383488       3.47625375      -1.49322236    
  -3.29642177       4.00486851       2.88474178    
  -3.94934034     -0.450766742      -2.71666431    
 -0.735364139       1.05651152       2.55446649    
   2.32279754      -1.91557753     -0.377212495    
   4.37019157       1.76324368     -0.405675560    
  0.883688211       2.46509576      -1.26066303    
  -2.05954623      0.653447866       2.67741132    
  -1.86851335      -3.27620482       1.47232533    
  0.832374275      -2.90732813       3.08701849    
   3.17694974      -1.92606497       3.38077354    
  -4.49518538      -3.10701108      -2.28186488    
  -1.52266502      -3.04411006       2.86685634    
  0.143481031      -2.92484689       2.70211077    
  0.541999936      0.155422226       2.83961487    
 -0.709904075       3.16101146      -3.12058640    
   1.60824835       4.11425734       3.65221906    
  -2.47198629       7.43771270E-02   1.70788014    
  -4.14369631     -0.683407068      -2.21988177    
  -3.20763683      -3.64773059      -3.26822114    
  0.478420317      -2.64682031      -1.34099901    
   4.13725519     -0.851467371       1.59006572    
   2.07500100      0.844691575     -0.989134967    
  -1.72964633     -0.490134597       3.81755352    
   1.86451364      0.459012389       1.64244115    
  -3.66153646       2.66354752       2.99411440    
  -1.81264937      -4.35389471      -1.55663359    
  -3.19583631      -1.36639416     -0.834161162    
  0.851389587      -3.93213224      -3.86928058    
  -3.28585720      -1.75168335       4.25764513    
  -3.04018974       1.31311309       1.72478080    
   2.48349881      -4.20233393       3.15439558    
   4.30946255       4.41556025       3.99331450    
  -1.44987845       3.65138102     -0.297833592    
   4.44497776       2.75652099       1.67217457    
   1.74191475      0.438929081      -3.91569400    
   2.48790312      -3.48056197       1.10375273    
  -3.75797844      -1.96722615       1.81150413    
  -2.71492910      -3.35846877       1.56882155    
  -2.58125854     -0.179858759      -1.73609114    
  -3.39368367      0.979569674     -0.690521359    
  -4.20087624       2.79789090       2.92650557    
   3.51697350     -0.335135072      -3.43769979    
  -3.15236998      -2.76208377       3.15492511    
  -3.18957019      -1.81731057       4.21059752    
   4.13206434     -0.241753429       3.82264066    
   3.80084515       1.95396590      -3.87329626    
  -1.08937502      -3.81448579      -3.04490256    
  -2.74639082      0.779936016       3.63282514    
  0.338231951      -1.45378697       2.74934506    
  0.645875454      -1.72829282     -0.790638566    
   3.69314909       1.31398642       1.35439932    
  -1.48446071      -2.46249461       3.91274619    
  -2.06337690       2.27474046     -0.258665293    
  -2.57495689       4.40065098     -0.754006028    
   2.62247539      -2.64441419      -2.90204740    
   2.07258773     -0.682355642       2.79888868    
  -1.22359812      -2.54688811      -3.31503153    
  -1.63836372      -1.18916345       3.42297816    
   1.15213823       2.23331738      -1.83006287    
  -1.88464689       4.21114206      -1.64572370    
   2.01024604       3.42471194     -0.999346137    
  0.762568712     -0.215682358       3.93189359    
   3.42384553      -4.28643942       1.44948041    
   3.30028105       2.21085453      -4.20236206    
 -0.212066740      -6.57007173E-02  -2.35347128    
  -4.47764540       1.64990628     -0.799016714    
  0.777214110     -0.420051128       3.56237245    
 -0.505776167       2.16473818     -0.318694741    
   4.08233213      -4.71290983E-02  -4.05257940    
   4.25076818       3.94650149       4.24695648E-02
   3.86488986       3.92831969      -1.97915828    
   2.26596212      -1.58843434       2.85577679    
  -2.57977152      0.760747492       2.89732255E-02
   1.42157257      -1.49910176     -0.365908056    
  -1.84087753     -0.275929600       4.36607218    
   3.20653939     -0.957819104      -2.67099285    
  -4.37675905      -2.55068612       1.66170323    
  -1.09116614      -1.02029037       4.14287901    
  0.470249772       1.53325438     -0.215858847    
  -1.16539907       1.87410200       2.87098742    
   4.13603067       3.22580361      -3.74877739    
   3.54749060      -1.82936060       2.80347419    
  -2.46300244       4.13891268      -2.25904894    
   1.26880252       4.25797462      -3.21022749    
   4.05510044      -3.48996305      -1.37247527    
 -0.803575933       3.04858351      -4.23897600    
 -0.272401422       1.63903964       1.15496683    
   3.19603848       2.74856973       2.65476823    
  -2.50196433       3.30862951      -4.19530058    
  -3.16770053       2.85224152       1.76566839    
   3.93695116      0.948150277      -3.39530635    
  -1.81834805      -3.81899452       2.79329300    
   3.40269685      0.933229148      -4.33448172    
  -4.34024906       4.03501225     -0.585621238    
   2.17081594      0.103330500       2.22378969    
   2.02694559      -2.91261435      0.794314265    
  -3.19031525      -2.35695338     -0.791462541    
   2.44514966       1.63451314      -3.64345407    
   4.46479225       1.62479115      -3.69645452    
   2.66022277      -3.04526234     -0.610383391    
   3.39316583      -3.20116949      -3.21759009    
 -0.193365827       3.59961176       1.27972448    
   3.40140843       1.40784395     -0.474415779    
  -1.99860156      0.278819948      -3.75868773    
  -4.45682096      -4.04644728      -2.71307230    
