 -0.948402405      -2.37756610       2.10342765    
   1.50041926       5.46763018E-02  -2.27374148    
   4.15459108     -0.827483535      -1.21791613    
  -2.27076054     -0.968316197       2.69091511    
  -4.28214931      -1.94653666       1.32289302    
   4.38514137      -1.85950708     -0.326859385    
   2.26871943     -0.353544146     -0.155707613    
   2.69399810      -2.72150588       2.94165349    
  0.627915919       1.61605310       3.56430268    
 -0.977755964      0.364244550      -2.90399432    
   2.14043355       3.05466723      -4.24620724    
   2.43200588       3.16080832       4.40564966    
   1.14394891       2.66552496       2.79668927    
   3.06067538       1.35545552      -3.81651354    
  -2.23428559       4.30392075      -4.20714664    
   3.80549598       4.46041536      -4.01596212    
   3.61194038      -3.98655438     -0.255489558    
   2.45930266       4.12849236      -1.99070036    
  -3.08487868      -3.65925384       1.20241511    
  0.926686704       2.76496935      -3.03931117    
  -2.84368849       3.42777920       1.03572273    
   1.82282412      0.977384210       2.06471968    
 -0.111123398      -4.24233770      -2.60005474    
 -0.275126010       2.06271386      -1.59905803    
  -3.40256715      -1.83975852      -4.14849424    
  -3.98714542       3.86062622     -0.904586911    
   2.53411865      -2.29275417      -1.98689163    
   3.30702782       3.32235503       2.68630600    
  -2.05094218     -0.397008806      -4.43352318    
   2.14839983      -2.47889733      -1.40238297    
  -3.37652397       1.52832389      -3.47556663    
 -0.959571123       1.67684698      -1.90171432    
  -1.85994637       2.54247427      -1.24004114    
  0.282784253      -1.97047973       2.56607127    
   1.98837537E-02  -1.52442825      -2.20721245    
  0.785246789       3.07925463       3.04100728    
   4.06199312       3.11093998      -2.88781095    
   3.32591319      -3.21427011      0.804109693    
  -1.25144589      -3.87855840      -3.25365281    
  -4.15185976      -3.85972977       3.62036300    
   1.23220587       2.81654501     -0.580835640    
  -2.78316283      -4.22939682      -2.19758654    
   4.04739046      -2.39284229      0.194957450    
  -3.81287646       1.17703128       2.75623655    
  -4.33891773       2.23631120      -3.19671273    
  0.417047054       3.25835276      -2.23801994    
   3.70652032       1.21626341      0.245335788    
   4.10700464       2.92723393      -1.69680750    
 -0.471040487      -1.17317533     -0.716295779    
   3.31712103      -2.13369060       4.03722334    
   3.41130614       3.55163836       1.85029745    
  0.540271521     -0.197590306      -2.63620877    
   2.62681317      0.926792920     -0.394089490    
  -1.20487309       4.25686502       3.13524890    
  0.328890890       4.48211765      -2.16173935    
  -2.30922556     -0.310404569      -2.30155063    
  -1.10759151      -4.46114111      -1.05762732    
  -4.12742758      -2.31513715      -3.93049335    
  -1.23161638       1.65717077       2.77653122    
  -2.69725156      -2.95292640     -0.311186701    
  -1.30822718       2.81006956      0.417759985    
   2.31492901       3.95431423       1.28234494    
   3.97631907      -4.22618198      -2.03514767    
  -2.68752217       3.45036626      -1.34100378    
   3.12789655       1.66183352      -2.87054539    
   3.12849617      -3.79603219      -2.83244371    
  -1.36158228       2.92286253      0.846621692    
   2.77404976       1.78194559       3.57099748    
  0.521090508       1.46402013       1.39804745    
   1.36300111     -0.990312457      -2.48884130    
 -0.352580160       1.57077897      -1.70336604    
  -3.92056227       2.12323475     -0.386515468    
   1.96873415       2.34548521       4.24456882    
  -2.89818287      -2.21842742     -0.946096241    
  -2.60997629      -2.87323999     -0.400239259    
  -1.91579485       2.12422490      0.941737652    
  -2.09449482       1.96500802      -2.79698753    
   5.02131023E-02  -3.60172749      0.819459975    
  -2.52671099      -2.28805113     -0.514641404    
  -3.79077554      -3.29626727       3.91278815    
   1.94170976       1.61195362       2.64095163    
 -0.985116482     -0.406276911      -1.78335595    
   1.90465510      -4.40157890       4.22969151    
  -1.19249308      -4.11589193       1.19513512    
  -4.17298269      0.221680850      -2.56429410    
   4.13386250      -1.20491278      -3.76553106    
   3.48093367      -1.17748451      0.370724231    
  -4.06837988      -3.65184402      -2.18550372    
  -2.63262224      -2.61801863      -2.66699409    
  -2.92873073       1.65513718     -0.285854310    
  -2.08039618      0.613445938      -3.77185082    
  0.142020300       1.36237562       3.27408433    
   2.29448628      -7.10785463E-02 -0.882197440    
 -0.288963526       3.18318057      0.845379293    
  0.748822927       2.01560950      -2.21958232    
  -1.62845778       4.00152588     -0.341710776    
 -0.568888545      -3.64040065       2.68109608    
 -0.523672938       4.32767725     -0.545515776    
   3.29844427       3.71259761      -1.04618442    
 -0.769610047      -1.27607930      0.493561924    
  -3.93457150     -0.751677334      -4.27158356    
   1.69979870      -2.76506591       3.72933030    
   1.91464472     -0.713676333      -1.27274752    
  -3.44318151       2.59036994       2.89276552    
 -0.310322493       1.31889701      -1.58214784    
  -4.21094465      -3.23427558      -4.47382641    
  0.764123857      0.848978817       3.12623191    
   1.09211457       2.54667020       3.46771407    
   1.35278356      -3.41695380      0.887342453    
  -4.07374859     -0.532122433       1.57442307    
 -0.338108569      -1.47178674       2.80366611    
  -4.15378952      -2.54720187       3.03124309    
   1.35713995      0.861080945      -2.57807732    
   3.04625440     -0.590415418     -0.614540279    
   1.47022140     -0.142199472      0.441572130    
  -3.64546633     -0.524604738      -2.38131475    
   3.73493505      0.400602430       1.89143550    
  -3.08561683      -1.32428563     -0.224355012    
  -4.30355072      -2.51085591       4.48174334    
  -4.16158199       2.70467377      -2.88591337    
  -3.81987858      -2.83876348      -4.08541775    
  -3.95311308      -2.49768829       1.55576503    
   2.52470565     -0.634955645       3.27397919    
  -1.11109173      -1.49871767       2.76968622    
   1.81506765       1.55497861      0.441292107    
   1.09791994      -1.00855792       4.42796707    
   3.97920442       1.79845190       3.01689696    
   3.73562241      -2.96041727       1.99201834    
  -1.90218365      -3.85728359      -2.14834285    
 -0.879958868      -2.88864183     -0.291501433    
   3.28758669       2.97286320       2.74114394    
  -4.22736359      -3.30195570       1.01596296    
 -0.408988088     -0.928769708      -2.21192455    
 -0.182928279      0.922498167      -3.00842333    
   1.81876111       3.97993088      0.853320241    
   3.21134973      0.216958553       2.32664537    
  -4.27765369       2.65326071      -2.29647923    
  -4.33361673      -3.17479372      -3.68536139    
  -4.00633001       1.86721301      -3.71206760    
  -3.24010886E-02 -0.647183836       2.86357546    
  -2.27644300      0.808285892     -0.779208064    
  -4.02515936       1.89739108       2.19022608    
 -0.649478197      -3.94548440     -0.251543492    
  -3.32770395       4.07498074       2.80232072    
  0.212998539      -1.86617231       3.52899408    
   1.16716444       2.56922174     -0.261481076    
 -0.753318846       1.50926042      0.539031804    
  -4.14703417      -3.56997561      -3.14182353    
  -3.07003903       2.28255415       3.66770662E-02
   2.27285600       2.65626860      -4.06948090    
  -2.62696815       4.61393641E-03  -3.89841843    
 -0.217088372      -4.09343529      -3.55374336    
  0.549822867     -0.315275997       3.21192956    
  -3.06853867       4.24165106      0.903613269    
  -2.37146688       2.41791725       1.43457377    
  -3.02904963       3.59791231       2.99725080    
  -3.34456587      -2.62674117       4.04133797    
   3.53855085      -1.28687036     -0.661467135    
  0.573174715     -0.915663898       4.05138111    
  -2.14230633       1.95755470     -0.244888932    
 -0.429495752      -3.47561002      -1.24822402    
 -0.428477049       1.45656359      -2.56473064    
   2.02397680      -1.88657701      0.188902631    
   2.79057049E-03 -0.676800787     -0.837792337    
  -3.52377868     -0.206390098      -1.31971884    
  -3.62406969     -0.916266322      -1.60715997    
   3.47043562      -2.85024762      -2.48065042    
   2.28769875       1.25894809       3.98581505    
  -3.30682397       1.81948316      -1.68637788    
   2.76220036      -2.67967987       2.73087788    
  0.169668511      -7.03232363E-02 -0.506466568    
   2.24355388       2.63630390       2.21129489    
  -6.14612177E-02   2.43235946      -1.12737072    
  0.738899827       2.40358901      -9.42249373E-02
  0.582325339      -2.60934877     -0.125271514    
  -2.90058947       2.95396495       2.19261169    
  -2.58638954       3.20208955      0.826720178    
   2.40692449       3.24044299       1.24657822    
  -4.15885019       3.81684065      -4.45729589    
 -0.788101733       2.65730762       1.43166137    
   2.22149372      -2.47684598      -2.60586238    
  -1.59090948      -4.07001352      -1.57267320    
  -2.44664311      -1.57764173      0.277759403    
  -1.37962925       1.64689422      -4.47798777    
 -0.495843410      -2.92781329      -7.46716335E-02
   4.34612036       1.49710035      -3.64695430    
   4.03997660      -2.61861038       1.06043291    
   1.43945265       2.42210913       1.04613400    
  -1.45265019      -1.59466839       1.81257379    
   3.92112541       1.47162580      0.829475880    
   1.76154149       4.21985340       3.65214981E-02
   3.32927394       4.28245258      -3.46710253    
   3.03607583       4.38140154      -1.90603161    
  0.824813664      -6.24504164E-02   1.09730363    
 -0.314317912       2.43302464       4.42041397    
   1.88119113       1.90580034      -3.67932010    
   3.17299628       1.63710845      -2.40384698    
   2.42735815       1.35003638      -1.71673143    
   3.70835757      -3.00040030       2.99318790    
  -1.99797022      -2.65430832     -0.717020512    
  -1.08053553      0.489339054       1.34438229    
   2.30069995     -0.412035078       4.19177866    
  -2.68251300      0.703834772      -6.99858144E-02
   2.51322269      -2.37823606       2.71586132    
   1.36820996     -0.316919655      -3.61138558    
  -3.38155580       4.08090973       1.89316022    
  -4.02721882       2.83827639      -2.51176190    
   2.32261562       2.39270878       3.32980895    
   4.46609592       1.38669419       1.37207341    
   3.22223306       2.63951325       2.20755529    
 -0.219194442       1.51745510      -2.85311437    
   1.98952448     -0.108594075       4.10053635    
  -3.06694818     -0.258598775       1.61355162    
   4.46080685      -2.56702018      -1.87867892    
   2.75271869      -1.14546216      -1.35523403    
  -2.19103503       1.53605998      0.935215056    
   1.96971846      -1.71730220      -3.55434895    
  0.407299906      -1.37999558       3.13454771    
   2.65232253      0.917151451      -3.16907310    
   3.43592572     -0.729494929       2.96452522    
  0.927527308       4.28120804      0.110641137    
 -0.569383144      -2.57541013       3.43004155    
   3.41890860      -1.90426612      -1.02576160    
  0.612463713     -0.939624071       1.05810416    
  0.969962001      -3.02934885       2.88012481    
  -3.50415516       1.78842258      -3.23914170    
  -2.20891738      0.871929944       1.47533798    
  -3.84650922       1.04295025E-02   1.51592088    
   2.94039869       1.05006075      -4.26560831    
  -1.28940189       1.00605857       4.12156153    
   6.55977204E-02   3.63435507      -2.31966949    
   3.58852363      -2.97000122      -2.31811762    
  -2.52044582     -0.693264186      0.234871954    
  -4.43070793      0.432519138       1.79032159    
   1.36099803      0.647971869      -3.32417846    
   2.99739242       4.20759201      -4.26885271    
   4.43126154     -0.933201253      -4.11697388    
   4.04512835       1.58849764       2.10351253    
   2.73549128      -1.34477878      0.327329844    
   9.92299393E-02  0.718259156       4.06578922    
 -0.548766613      -3.51513505      -2.44376421    
  -1.10988426       1.00504148      -3.53504562    
  0.213643342      -3.35139108      -4.39150763    
 -0.819476604      -2.42833447      0.783597231    
   1.63498783      -2.23715520      -4.17026663    
  -3.70352960       3.53616357       3.40002751    
   2.84608436     -0.402086765      -3.18133044    
  -3.14956594       2.76853514      -1.60766101    
 -0.729941785      -3.80161595      0.321540028    
   1.74418819      -4.01754570       1.77522564    
  -2.41472983       1.93747830      -1.73686361    
  0.612550616       2.17951059      -3.64911032    
   1.07849061      -1.24575269       6.72826841E-02
  -3.06448412      -3.85378480      -3.95384645    
   1.00599265      -2.38134861       3.47077179    
   2.23296714      0.783009291      -2.15293813    
  0.222900182      -3.64581347      -4.02776718    
   2.45583463       1.53061342      0.158444002    
  -1.53939176       2.28130436      -2.69169688    
   2.34080601      -4.14833260      0.633108139    
   2.09391761       3.39559388       2.89394927    
  -2.98916769      0.583734035       2.75627255    
  -1.19338310      0.705820143       3.83869481    
 -0.360340863     -0.211492211      -1.14171672    
  -3.19139123     -0.706306696       2.15014863    
  0.515188038       1.48962343      -3.00197053    
  -1.05349672       3.53361559      -1.59109938    
   1.24613190       2.91048956       1.14268827    
   2.91202903      -1.57899785       4.13682461    
  -1.94867229       2.13123846      -2.35649371    
   2.19002867      -1.63127780      -2.18084741    
  -3.78614974       2.40855861     -0.994393706    
  -2.14281917      -1.88470161      0.659523070    
 -0.245007485      -2.51810098       1.61565614    
   4.41562319      0.515454113       4.30043697    
  -1.03100479       2.99188066       1.92609882    
 -0.251613230       3.77090883      -1.71784830    
  -2.58899236      -2.43970490       3.60731983    
  -2.52944303      -1.09556711       1.24108934    
   3.08360624       2.36773896      -2.16529012    
  -2.05614090     -0.594589472      -2.00873923    
  -1.99795520     -0.279599935     -0.699211180    
   1.68297637     -0.769199133       3.46111274    
 -0.277920336      -3.31552172       4.26191568    
   4.31874514       3.16729331       2.10206628    
  -2.82669187       4.05651808      -2.67808986    
  -1.69852841      -1.64357090      -1.26744103    
   8.94366577E-02   1.93868697       4.37803888    
  0.746918023     -0.762899160      0.849739492    
  -2.98782563       1.81135118      -2.27993846    
 -0.605100513      -3.32354856     -0.412477106    
   3.90297389       2.49951267      0.834185302    
  -1.56056082       3.96390796      -4.36963367    
   1.70116663     -0.943907022       3.29691219    
   2.43562198     -0.694256604       3.00159383    
   4.46834373       1.70475650       2.15968919    
   3.88698149      -4.13566971       3.77137613    
  -2.49399328     -0.298946708      -1.92504203    
  -2.21061945      0.501169741      -3.70066833    
  0.500244915      0.802613556      -3.96250081    
   3.35624313      -4.21917152      0.250308603    
   4.40844345      -4.42618942      0.316423446    
  -2.65346622     -0.852868557       3.34736228    
  0.135433868       2.61741781      -1.77214265    
  0.330868751       2.68220615      -4.00025177    
  -3.23171353      -2.38576126       3.19510937    
  -4.32571173      -3.51962662      -1.04213274    
  -4.33717871       3.48329306       2.36210489    
   1.47279096       1.08877957      0.911193728    
   2.35671830      -1.55324697      -1.01083457    
   4.13223886       3.99847627       3.27649832    
  -3.26870121E-02 -0.658627212       1.88440490    
   1.60741258      0.954695940      0.661758959    
  -4.17656374      -4.30295086      -2.90365256E-02
  -1.30351615      0.542512774      -2.59494257    
 -0.450860083      -2.35653710       1.77840137    
  -2.82220411      -4.21524763      0.747655094    
  -4.25577545       4.16073179      -1.84046233    
  -3.09118938       2.65298724      -2.67171335    
  -2.47146535      -2.95481682       3.68073893    
   3.21341443       3.27692223      0.131555393    
   3.62829041       1.82411420      -4.15955067    
  -1.65225112       2.77307439       8.78949240E-02
 -0.576228678      0.404099494       3.97168136    
  -1.07346845       2.97522736      -1.68175375    
  0.486882150      -4.20869589       3.48742628    
  -4.37720442       2.85266685       2.79172325    
  -2.44611001       3.02213478       2.78500390    
   3.33676386      -3.56271577      -2.95700121    
  -3.52983308      -1.02386367       3.87572742    
  -1.13207793      -8.25782493E-02  -2.45113635    
  -2.33994007      -1.25109935      -3.27006698    
  -4.09071827      -1.77008438       1.14439631    
  -2.01774883       3.84449315       1.49478340    
  0.531103194       2.18093395     -0.565042257    
  -1.98108780      -3.89759707      -2.96874642    
  0.135004178      -3.13366699      -2.78412414    
  -3.92258453       2.45903063      -3.25449347    
   1.37145710      -4.23221827      -3.38258147    
  0.134627596      -1.45650244      -2.36475921    
   4.05583477      -1.41297126      -3.29931688    
  -1.83754945      -3.41894889      -1.63138783    
  -2.57472563      -4.35824347       2.98798823    
 -0.871050179       2.52168608      -1.62257195    
   3.09659886      -3.05847764       2.85911441    
 -0.244880885      -1.27488148     -0.219679922    
   4.34984779       8.10676292E-02 -0.422019362    
  0.301280767       1.07718062      -4.01092209E-02
   1.59214604       3.87094617       1.05964541    
  -3.10280108      -3.55672216      0.626216471    
  0.922773898       1.34901714      -2.99218369    
 -0.630946279      -2.52041364     -0.288880914    
   4.37763119       1.54650235      -2.45192814    
   4.03024530       3.52427435     -0.969639063    
   2.77242804      -2.48442960      -4.11035824    
  -1.22857738       2.12194514      -3.92972946    
   3.39247608      -4.32176208      -1.48523962    
  0.934375525       3.93542862      -2.43362379    
   2.82608294     -0.753940582      -2.39345813    
   2.32728267       3.83574176       3.12481451    
  -1.55041623       3.76170349      -2.21376896    
 -0.762930810      -3.99506283       1.65564251    
  -2.23384523      -1.05629909      0.497349739    
   1.37237012      -2.27079701       2.06662393    
  -3.27504683     -0.919880867       4.18969584    
  -4.42538548      -3.71975875      -1.14702272    
  0.701661646       1.68072701       4.36216927    
  -3.94803929     -0.681475878     -0.170895353    
   3.59805560      -3.83348227       2.16872711E-02
   1.11227405      0.929942906       2.45922923    
   2.58461070      -1.29654300      0.763638914    
  -3.50908017      -1.30137634       1.37056231    
   2.75468040     -0.841263115       6.19783476E-02
  -2.16749120      -3.33634377      -3.27078843    
   8.12462643E-02  -1.17263675     -0.672158420    
  -1.31041801      -1.88559210      -2.65547729    
   1.21431553       2.64634538       1.31707907    
 -0.587311566      -1.97253752      -1.65504646    
   4.38092470      0.821452320      0.970220566    
   3.17832685       1.08173871       1.96593714    
  -2.76367593      0.535686553      0.394201070    
   1.96060967       4.81118597E-02  -1.98446310    
  -6.53112605E-02   1.60400832       2.94270229    
  0.451383114     -0.266503245      -1.84098852    
  0.346228689      -3.20792174      -1.57953537    
   3.77234077       2.52573991      0.282965034    
   4.31118536      -3.13974810     -0.507066309    
   2.03023291       3.05188417       2.48471546    
   4.33271360      -1.57178426       1.57372403    
   3.49342418      -2.53995252     -0.945227206    
  -2.57010102      -3.78606558       4.49506664    
   1.38608634      -1.50237894     -0.164048210    
  -1.43991184       4.19568920       4.70008887E-02
  -1.33211923      -3.93666029       3.06067181    
 -0.764566422       3.24946499       2.56958699    
  -2.13304782       3.27978086      -2.95030308    
   2.61409140       1.00484836      -4.03507042    
   2.39758730      -3.02011895      -4.46310472    
  -3.65305543       2.73061681       3.72177458    
   1.96446776       2.45368290      0.328786284    
 -0.177127734       3.12681293      0.702339709    
   1.65447462      -4.01311827     -0.605595112    
   3.42039847      -2.37774634       4.47993851    
 -0.504791260      -3.78920746       2.51546979    
  -3.56209350      -1.37214959      -2.85918689    
  -3.03516078       2.60557961       1.43663633    
   1.01228559      0.370386809       3.56725955    
 -0.397010952     -0.221285492      -2.82199097    
   2.64443302     -0.122544244      -3.34699154    
   3.71951342     -0.158818439      -1.28785205    
   1.97531736      0.345222324       4.45237160    
   2.14314413      -4.24206305       4.45777035    
   3.46192598      -3.71393394      -4.03188515    
  -3.54413247       1.07314491      -3.02358699    
   1.98769784      -1.65272963      -2.46580982    
   3.81221986       1.18991709       2.97159815    
  -7.34624937E-02   2.28980851      -2.85377479    
   3.18475723       2.77610278       4.36994314    
 -0.225549668       1.10343301       1.37775922    
   3.10495400      -1.67865205       1.96218097    
 -0.474644303       4.47315311      -3.95599055    
 -0.301384300      -1.69085670      -3.13624716    
   2.01181579       1.32077885       2.53591847    
   1.27857113     -0.202235892       3.95954013    
  -4.01097965      -1.13528001     -0.722218633    
  -2.29067230       4.26235723      0.812098920    
  -2.88751578     -0.521884441       2.31368923    
   1.43787122       2.12823391      -4.75963391E-02
  -4.30946016      -1.98585415      -4.19564915    
  -3.91276073      -2.36645579       1.33790159    
   1.23077631       3.56185961      -1.32315588    
   1.54757953      -4.14344454      -4.03799391    
   3.13520861      0.460011244       2.29122591    
   3.67670655      -2.82585239      0.205985621    
  -1.78065383      0.787240207      -3.72066212    
  -5.49793914E-02   1.64078999      -2.21523929    
  0.782221258      -2.41734552       1.35872996    
   1.00761378       1.64867997       2.02408791    
 -0.569687843      -1.16693914       2.79997325    
   2.23715353      -3.98513603       3.83154082    
   3.89997673       2.55815005       1.64788771    
  0.794813693      -1.30980492      -4.31839466    
  -4.32938766       4.38955832      0.280630440    
   1.98261237       4.36443663       3.56593823    
   4.06496620      -2.30152130       1.80786109    
   1.85135472      -1.53333485       1.08391452    
   2.39475536       4.11109686       3.36428642    
  -2.47417974      0.259412557      -4.04876614    
  0.996226192       1.13108075      -2.76995993    
   2.15565681      -2.65387273       3.46540952    
 -0.153916970       3.18525934       4.12760592    
   2.12742758       3.15339684       1.71079624    
 -0.793542862       4.26723671      0.943951547    
   1.36380899      -3.57912230       3.25336051    
  0.704283237       2.17341304       2.11475682    
   2.83876085       3.97515011       3.56577730    
  -2.14437151     -0.454986930      -4.44213963    
  -2.76332521      -3.33706594      -3.71384072    
   1.62782264       2.83289528       3.54943299    
   4.48988962       1.62704051       2.44776392    
   3.43639292E-02   3.47632575       2.07824063    
  -1.26089585     -0.847320676     -0.792141140    
   4.19370985      0.402579755     -0.534491897    
   2.79731631     -0.598417521      -3.96453452    
  -1.19888914       3.84089804      0.347774178    
  -1.08979452       2.20550132      -2.92158198    
   3.53916764      -2.24861193     -0.116339758    
  -2.39686847      0.618925691      -3.50563788    
   1.95332003      -4.08892393       1.61445606    
   4.39164972      -4.14943790       4.19665956    
 -0.382465869      -3.55455756       2.28764892    
  0.841785073      -1.65651906      -2.53082323    
   2.32039165       1.21639800      -4.37331486    
   2.78364992       3.89049673     -0.248005658    
   3.14264536       3.23167491      -2.87011528    
 -0.113841549       3.21004868       2.01836562    
  -3.46840405      -4.48847008      -3.56385159    
   4.47110558       2.81407261       4.15709686    
   3.24819684      -5.36559895E-02   3.46419454    
  -1.91602659      -1.75318325       3.90825844    
  -1.55759382      -3.04536605      0.846925318    
  0.531895518      0.800004840       3.29337001    
  0.723577976       1.77869582      -4.43867207    
  -2.37070560       3.86600709       2.41851759    
   2.09548235       1.97045231      -4.06693840    
   1.18217516       4.18657684       3.34026742    
  -3.64461827      -3.98943186      0.704775691    
  -2.92554259      -3.49178481      -1.94527173    
  -3.28453851      -4.35932922      0.990170300    
   1.95110989       1.51196730      -3.59887695    
  -1.16108656       4.43146324      -1.05431151    
   2.13454986       2.26141953      0.985599816    
  -1.26205623      0.817544878     -0.993498921    
   3.51632118     -0.199891105       3.99528694    
  0.883398533       4.24062395       1.43699098    
  -2.01203132       2.96207166      -4.39796591    
  -1.75579190      0.631391525       2.46330023    
  -3.63232994       3.05246043     -0.270846814    
 -0.506939709     -0.499554515       1.13954473    
   4.19760466      -3.25990510      -2.98820329    
   3.26249886      0.207848683       1.84207058    
   1.75727308      -2.61184907       1.61982906    
   3.19053626       3.41910934      -3.59216809    
  -1.00603282       4.01179075       4.15532017    
   1.26588047      0.584483445      -2.99101639    
   1.47316909      -1.90381181      -2.65379405    
  -2.67631269      -3.71826100       2.20675874    
   3.75838256       3.34843898       2.21980381    
  -1.71959603       2.06395030     -0.120390430    
  -1.32457900       2.50157690      0.749897957    
  -2.20082021       3.40888095     -0.453055739    
  -1.38887966      -1.37240815       3.29836535    
  -4.44150734      -2.64569306      -1.20618689    
  -1.36563885      0.219403654      0.689072967    
  -2.52577472      -2.31844163      -4.35855961    
   2.60403895       1.68563068      -2.34767389    
   2.63693142       4.19601488       4.33730841    
   2.37205744       2.83231974      0.133338526    
   2.58685470      -1.46013844      -3.29370689    
   2.52454896E-02   1.30137098      0.712660849    
  -2.75769520     -0.494003952      -2.95069957    
 -0.743243396       2.25462699      -2.43157768    
   2.21269560       4.02430916      -1.85412276    
 -0.763741910       4.16537285      0.365246624    
  -2.46788192       2.10295033     -0.169305339    
  -2.18180943       4.35062265      -3.76798964    
  -2.05135894       2.79306936       2.09575772    
   4.47361898      -4.42822170     -0.169403508    
  0.487812877      0.644342303       3.59093690    
  -4.22438002       2.82899642      -2.71958041    
  -4.07282162       2.41674185       2.70342827    
  -4.31611967     -0.415964514      -1.48506474    
 -0.107433751       1.71615267       3.63400459    
  -1.87060499       3.91104531     -0.124341860    
   2.31223226      0.568122506      -2.44356608    
  -3.99304366     -0.776852548      -7.47960899E-03
 -0.132988229      -2.98005033       2.13135743    
  -3.33890367     -0.792505383       1.76947117    
  -2.17165875      -3.00165510      -2.87413001    
   1.23102891      -3.03216457     -0.624834597    
  -1.15719044       1.73841500       1.99936926    
   1.53769290      -3.54891706      0.452460289    
   1.25592470       4.05685949       3.87793826E-03
   4.11056089       2.93904901      -3.26505494    
  -2.94363356     -0.193726316      -3.24482465    
  -3.50323296       1.35988016E-02  0.276926309    
   3.45583034      -2.02176404       4.18956804    
   1.49459195      -2.41499162      -2.47856522    
   1.97467470       1.11810088      -4.22009706    
  -1.18628752      -3.79189348       2.61985493    
   2.29454041      -2.19450378      -1.31625724    
  -2.56186295      -3.60485220       3.61512399    
   2.04985595       3.56814361      0.762593925    
  -3.23775125       3.15057445      -2.26118350    
  -1.38029706       1.78409886      0.481953323    
  -1.35110021       3.62980962      -1.95690453    
  -3.04602194      -4.48960829       2.17612839    
  -4.31846380       4.36560726       7.05335215E-02
  -1.37277031      0.483432829       3.54685330    
  -1.16241264      -2.29832125      -4.07121992    
  -2.69035077      -2.53549504      0.268547088    
   1.26139319      0.300266355      0.502955556    
   1.41174603       3.40749383      -2.14266777    
  -1.18057549      -3.61850476       4.36833525    
  -2.37814879     -0.697185040      -1.44085121    
 -0.478110254       3.98669958       4.00945234    
   1.92607677     -0.793669462       3.67772102    
   1.46395195      -2.11169314       3.71373439    
   3.02058172       4.26437664      -2.37683702    
   8.45035389E-02   1.49450183      -4.23809385    
  -1.96207583      0.542614698      -3.62172866    
   2.75703168       3.54863954      -2.83747911    
  -1.82953227      -2.83034229      -4.31358194    
  -2.84218812      -2.40438819      0.484827042    
   2.15098596      -3.12274075     -0.332931906    
   1.66198218      -2.79732537      -2.23679781    
  -1.77541494      -1.24563515       3.42822337    
  -2.93489766       1.42879736      -1.45164168    
   1.85517049      -2.35823011       1.07116544    
   5.84507035E-03  -3.22206020       1.60864484    
 -0.290385634       2.75773811     -0.185456529    
 -0.618158579     -0.424165130       2.58539343    
   2.43965125       3.25728130       2.97033228E-02
  0.192061737      -4.20277452      -2.77257514    
   3.50882554      -3.40586448       2.96841598    
   2.68163037      -3.47234035       2.63780308    
   4.43609142      -3.02057099      -1.36161125    
  -4.00113487      0.802563667       2.22043538    
  -9.26660374E-02   4.43004847       4.41165400    
 -0.932729185      -3.97177529       1.21174061    
   3.05634165     -0.685821056      -1.05279660    
   2.40566826      0.968518436      -3.12656665    
  -3.04575229       1.79157472       2.75999761    
 -0.715297997       3.59156990      -3.27980614    
 -0.874399722       4.11945677      -4.49101305    
   2.19541287      -1.53464270      -1.51201022    
  -3.51727605       3.74091697      -3.13614702    
   3.32897520       3.70252705      -3.12962008    
   4.42411423      -1.46594810      0.871956229    
   1.22434378      -4.37474537       2.00044703    
  -1.14524543      -3.66153765     -0.805893898    
   3.49560332       1.72305131       1.27316964    
  -1.69433069       4.08233213      -4.22097015    
  -2.32259917       4.12975597      -2.15702081    
  -3.64918661      0.736899972     -0.467968285    
  -2.26320219       1.86965871       2.60323858    
  -2.73112154      -3.76186824      -3.46281385    
  -1.68322849      -8.21834281E-02  -3.05223894    
  -1.31916261       1.32634449      -2.31549335    
   3.67064571       3.05258012      -2.49687767    
   2.28068089     -0.979359925      -1.36039138    
   3.29750800      -4.10095310      -7.52300695E-02
  -3.77844858      -3.13982320      -4.39206553    
   1.63849032       1.77949941      -8.45469907E-02
   1.67615283      0.213631004       1.06574845    
   3.96551514      -4.36155033       1.89914691    
   2.02788639       1.79319215       1.39259875    
   4.23388672       3.63913798      -1.08104086    
   1.61151206       7.89975002E-02   2.09493303    
   1.16106939       2.66970539       1.56321466    
   2.07248950     -0.651267767       3.50395298    
   3.50159860       2.88899112      0.703083754    
   4.11044645     -0.994460225     -0.694782317    
   1.68403208      -2.00149679      -1.23651457    
   2.39480472      -1.68607104      0.680931389    
   3.49284530       2.50167346      -1.38165426    
  0.181892410      -2.17474222     -0.328336209    
   1.88091910      -2.05219746       4.48531103    
   3.39660501      -4.09211493      0.972931206    
  -4.16862440      -3.02733946       1.18991601    
   1.75985873      -2.88601279      0.540455520    
  -2.58731318       3.29054236       1.71505988    
  -3.30977869       4.33970308       3.52404809    
   1.01820254      -2.13672471      -1.60527539    
   3.77636623      -1.65654528      -1.46361458    
   3.26912498       2.47335958      -3.41853523    
  -1.45917010      0.997308195      -2.39880490    
 -0.241433173      -2.73799933E-02   2.29918814    
 -0.657922328     -0.641773283      -1.70157266    
  -2.98780513      -3.82511735      -3.91141272    
   1.85875225       1.76960313      -3.40062571    
  -3.19235158      0.485751867      0.624117911    
   2.35624957      -4.09947300     -0.100093074    
  0.305174798       1.34876132      0.998665929    
  -2.82739520      -2.86109185      -2.79137850    
  -1.14834130      -3.22403765       1.16955113    
  -2.89170980     -0.310075730       2.92605639    
   1.88109720      -2.75380921      -4.34705734    
  -2.04030895     -0.678270102       1.17842114    
  -2.64685082     -0.658800483       1.83553994    
 -0.532508671       1.57028496      -2.52178097    
  0.130481437      -2.33235645       1.21456337    
   3.74589562      -3.81564879      -3.20954347    
  0.950564265      -1.27894020       1.82452035    
   2.66979432      -1.22552288     -0.255571097    
  0.304646939       2.59293723       3.16639471    
  -1.30828142      -4.44620132       3.84811950    
  -1.32757723       2.88917351     -0.965608776    
   2.33817101       3.03821945       2.67614007    
  0.956840098      -1.83784819       2.52966070    
   4.15945864       2.01151633      -3.03357172    
  0.872567236      -2.52185655       3.57127213    
  -4.45370388      -1.16606045     -0.395916611    
   1.86763096       2.55817437       3.42396045    
   1.12704074      -1.64593720      -1.98746502    
   1.57526636       4.23912287      -3.51799107    
 -0.506905913       3.76998782       2.19517374    
   2.20145702       3.95524478       4.08417845    
 -0.520620048      -4.41498375      0.401032656    
  0.310772032      0.910149813     -0.775408447    
   4.35396910      -3.12579679      -2.04740119    
   1.69609666      0.862139344      -2.30117202    
  -2.55264902      -3.53440452       1.19385993    
  -4.18364763      -1.68977368       1.36724222    
   2.87626290      0.283633441      -4.28043318    
  -3.62308002       2.47248745      -1.70333171    
  -4.34055901      -2.48867440     -0.550382376    
  -1.99997652     -0.118634656     -0.412657887    
   4.18891907       1.60106439E-02 -0.933879316    
   3.63755859E-02   1.35431349      -3.57989110E-02
 -0.464108050      -2.53233981       3.56895351    
   4.13485575      -4.12877989       4.04464912    
   1.73858345     -0.377045661      0.941157758    
  -4.03713226     -0.161532298      -1.41256297    
 -0.475407124      -1.42213798       1.81911993    
  -1.98136568      -3.25816607       3.69169092    
   2.95826650      -3.16239500      0.264629453    
  -4.37721729       4.34511375       3.87136197    
  -2.56867290      -8.22258089E-03  -1.18859959    
   3.51170135       3.88790965       1.68734086    
  -3.56032753       5.09753861E-02   4.43677473    
   2.59794450       1.26349175      -2.66299605    
  -2.02403641      0.690277278     -0.104827709    
  -3.26974344      -3.09259057      -2.12982392    
   4.02250481      -3.63792276      -2.23778820    
  -2.08397412     -0.335339457      0.964944661    
   3.89409947       2.34776354       3.30880499    
  -3.09539676      -3.20928764       2.25060749    
   3.68957734      -2.36908126       3.51801729    
  -2.05634260      0.979623854      -2.17295432    
 -0.791941047      -3.14749861       1.57639015    
  -2.28835201     -0.349119574      -2.62445807    
   4.38866425      -3.42555523       8.81014541E-02
  -2.69933677      -3.83720303       3.20793462    
  -1.65674705E-02  -1.22175443      -4.47584629    
  -2.88773203      -4.35832548      0.739419103    
  0.784625053      0.674576163      -3.32412052    
  0.400729567       2.61737394       1.91406536    
  -2.35515189      -3.22516251      -2.19918466    
  -1.05594444      -3.03761554      -4.22496653    
  -2.61263752      -4.33854151       1.81265581    
  -3.79529667       1.06342518     -0.505604506    
   1.85085213       2.95414090       1.36881399    
 -0.864346802       2.00800276      -3.91291523    
  -2.64246750       2.66956162      -1.01802766    
   3.03338075      0.503042996       4.24866867    
   1.47156358      -7.58169368E-02  0.403712183    
  0.524540365     -0.164865211      0.131307021    
  0.222475857       1.47220087      0.303421706    
   3.59109783       3.75791311      -3.26045442    
   6.98908642E-02  -2.12111568      0.561208308    
   3.08487225      0.869548142      -4.42204666    
   3.30699015       3.92193341      -1.42019284    
  -4.20151711      -4.36152506      -1.45260942    
  -1.37132454      -1.99922872      -3.43854403    
  -1.63753915       2.99390626     -0.925637960    
   1.81308448     -0.758006811      0.133920565    
  -2.40707898       4.38899040       2.61053109    
  -3.13425159      -3.00617504       3.92210126    
  0.898034811      0.740132034     -0.588006258    
   1.30672574      0.987046063       1.87086833    
   1.27761090      0.868692517       3.45369697    
  -2.36065531       1.01135004      -2.78838658    
  0.418415517     -0.319649607      -4.19693851    
  -3.06127405      -2.67930651     -0.588456333    
   4.03550816     -0.744213283       2.14079452    
   1.70643020       3.70489287      0.816149592    
  0.624386668       1.48184609      -1.54211426    
   4.30804634      0.589933693      0.260668904    
 -0.401173204       2.51959348       3.10876584    
  -1.35299647      -2.84017539      -2.98929501    
   3.14303803      0.910808027      -4.02021074    
 -0.361774236      -7.92077854E-02  -1.27882371E-02
 -0.584643304     -0.266192645      -1.18920636    
   4.06869316       2.24887037      0.488223791    
  -3.74002695       2.31835103     -0.423035920    
  -1.39200544      -2.37921143      0.539708793    
  -1.10781252       1.00930297       2.71119905    
  -1.91846359     -0.386799783       3.11301494    
  0.429273665      -3.91852117      -1.02071738    
 -0.537544787     -0.165312603      -4.18823338    
   1.00788844      -2.20172262      0.491726220    
  -2.83427715       3.14250064       2.41173100    
  -2.89538383      -3.65144825       3.14375591    
   3.13945842      -2.42048264       4.25606203    
   2.82794189      -1.61814630       3.55237484    
   2.77777696       4.47617149       4.46810198    
  -1.98276258       1.94988728       2.78868127    
   4.45779514     -0.971164167      -4.38946676    
  0.180964902       2.82871164E-02   1.83183789    
   9.39926580E-02   2.05484009       6.78223446E-02
   2.08973885       3.15638518       4.48119116    
 -0.657484591      -2.94525623       2.24495292    
 -0.206501678      -3.62562442       2.22541714    
   3.73750353       3.78311729       3.25863385    
  -3.93261766      -1.21303403      -2.89629149    
  -1.85127425      -3.57074952      0.575087667    
   1.15090871       4.12730122      0.601947844    
  0.652759075      -1.27536905       3.67115211    
  -4.36903524       3.38449979       3.22760010    
  -4.00330973       1.24301624       1.90335369    
  -3.18221068       1.42090893       2.98624158    
  -4.46753025      -3.29997039      0.659462452    
  -4.09085369      -4.43109655       3.48580146    
  0.522603810       4.13064384      -2.94563770    
  -2.08915448       2.83476257     -0.666181922    
  -3.93021560      -2.30429673     -0.864639699    
  -3.63408518       3.53152275       4.40984726    
  -1.61328769      -3.56435895       2.73005986    
 -0.758851707      -1.59715688       1.89523351    
   3.36326671      -4.17418909      -3.83629036    
   3.32919312       2.78859973      -1.28814662    
   3.76082754      0.639594257      0.510361671    
  -3.64801168      -4.47839308       3.63262272    
   3.03811908       1.38129056      0.744847894    
  0.702832699     -0.965217710      -1.85311377    
   1.33013177      -3.39170241      -3.19088006    
 -0.141506925       2.72484088      -1.75085402    
   2.68929458      0.346689492      -3.36418629    
  0.817851186      -1.97008216       1.59854627    
  0.799778998      -3.70574737       1.59288204    
  -1.93168533      -2.33289337      0.998915911    
  -3.42893577      -1.29172897      -3.65639138    
 -0.219204634       3.33173299      -2.42873526    
  -1.40800107      -3.18365955      -3.89876390    
  0.444410443      -3.50076652       1.46198750    
   1.04578912       3.07250619      -4.03758049    
  -1.22510767       3.16931987       4.32331085    
  -3.04018450      -3.88628531       2.82851577    
  -2.72774792       1.19284177       3.22335625    
   1.58617330       1.81479144       3.88676167    
   2.66811323       2.93408012      0.309551090    
   1.52898586     -0.236574620     -0.963059604    
  -3.78955770      -2.97470593      -2.65503097    
   2.54050016       4.37374878       1.31092715    
  0.337283522       3.43130589      0.652033806    
  -1.10783291      0.302593440      -1.11513174    
   2.78032231      -4.17398119     -0.867505908    
   3.57806730      0.598869741      -2.10865808    
   3.25354028      -4.23744774      -1.83757198    
   1.95357645       3.55850697      -1.41319382    
  0.391478091      0.422159910       2.23432851    
   2.04978347      0.590934694       7.90350512E-02
  -3.74032307      -4.25868607      -3.23591018    
  0.179323927       3.65713334       4.41129446    
  0.213014096      -3.59293413       3.01210451    
   3.25798583       4.02598047      -2.99436641    
   2.49826550      -4.19025230       3.01810980    
  -1.44108343       4.45916271       3.03967118    
   1.03170371       4.33605576      -1.78879333    
   1.12570715     -0.628775299      -3.95685625    
  -2.30897284       4.02245188      -3.68409967    
 -0.970335364       1.22878981      -7.85651281E-02
   2.71047759      -1.47869503       2.95247626    
   1.54115295      -4.30596399      0.638826609    
  -3.61143827       3.79019570       4.05790710    
  -4.05914821E-02  -4.39922190       2.32690454    
 -0.638286412      -4.17872667      0.199248448    
   1.60941088       9.18592289E-02   2.63717771    
  -3.00682902      -1.84747148       4.02674246    
  -4.07421970      -2.21929693      -1.21975183    
   2.39014292       4.29825163      -1.02401328    
  -1.76866710      -2.03095055       1.83929932    
  0.782471776     -0.717691064     -0.300881654    
   2.92189158E-02  0.729684830       2.79081464    
  -1.20070815      -1.55514014      -1.78399217    
  -2.07500958      0.923966944      -3.75855684    
  -3.28549504      -2.70204592     -0.463725567    
  -3.44259095      -1.83181965      -2.53813505    
  0.123155251      -1.34294569      -3.16819191    
   2.92664218       2.56622744      0.776200771    
  -1.98556876       2.10450172       6.18608668E-02
  -1.11219203     -0.755717814      0.618874192    
   1.48352301       2.25493503      0.186557308    
  -1.78562558       1.02449024      0.380723506    
 -0.815211892      0.678753972      -1.22232676    
   2.63691640     -0.424134552      -1.44924164    
  -3.57964015      -1.20193076      0.717994690    
  -2.92495298      -1.94044805       3.63760853    
  -2.05524015      -2.57054520       4.40981579    
   3.90556169     -0.381949276      -3.25527573    
  -2.09006715      -2.03243828      -1.02055061    
   4.07781315       2.41998529      -2.76968527    
 -0.232050270      -1.63556933       1.48670781    
  -2.77565098     -0.702863276       4.00482798    
 -0.453364730       2.64218545       3.22385240    
  -2.72264838      0.612348378      0.947274268    
  0.384751111      -1.12379956      -4.11122608    
   3.02044010     -0.268907577       2.73752403    
  -4.10545969       1.89287853      0.202461734    
   5.40100411E-02  -2.99584103       2.12911296    
  -2.35878468       3.27591300      -2.83411193    
  -2.13972807      -3.49259758      0.482980072    
  -4.46160412     -0.662248194      0.584839106    
   3.60534358       2.80321074      -3.24667335    
 -0.479838669      -2.21734905       1.64722574    
  -4.01890421     -0.938855350       1.48697448    
   1.67134416       3.02346420      0.170090690    
  -2.94335294      -3.97227645       3.80182195    
  0.397092491       1.31567252     -0.430328846    
  -4.25794125      0.845298290      -1.31962228    
  -1.40361512      -3.09628129     -0.109039858    
  -4.00476027      -1.37029672       1.35861623    
  -4.14826584      0.553463161      -1.41782331    
  -3.32129455      -2.27748585      -2.75099993    
 -0.278520614      -2.76717043      -2.72697687    
  -4.23830891       2.50154161      -3.55371118    
   3.10769415       1.65525520       1.66055250    
   1.23589289      0.683914542       2.32958031    
   2.26191354       2.31885052       1.33922768    
  0.595624804       3.57089233       4.14962244    
  -2.10814452      -4.07428789       3.31465769    
   1.48361635      0.732999504       9.49968770E-02
 -0.805703461      -4.19487858      0.749619544    
  -2.17760038      -1.59858274     -0.699170411    
 -0.148207620       3.41226697       1.20240438    
 -0.821297824      -3.39631915      0.608904421    
  -1.45198023      -2.87297988       2.88079000    
  0.975089312      -4.12630272       4.49431801    
  -3.38871193      0.309685200      -3.89876604    
  0.281961352     -0.240122646       3.55738688    
  -3.67750216      -3.46157932      -1.71756399    
  -2.26553464       2.98795009      -1.38271213    
  -1.53427577     -0.503262937      -3.46554852    
  -3.59107065      -4.00049353      -2.44078898    
  0.785070300     -0.472786605       4.21074200    
   1.34493327       4.10333109      -1.80408454    
  -1.59665215      -4.17610264      -3.16000938    
  0.938151538      0.347834259       3.66372848    
  -4.01430321       4.28607464      -2.30137420    
  -4.43269777      -4.26069927      -1.82670581    
  0.675197899      -1.48356164      -2.10683990    
   3.32418966       3.64721251      -1.70078576    
   3.15404487       3.62016821     -0.725806892    
  0.147432461      -4.47200775      0.525731802    
   4.11442232      0.555678129       1.70863330    
  -1.26884437      -2.25266743     -0.159773842    
 -0.621018350      -4.14325857       4.14609957    
  0.701916993      -1.44497585      -1.05942118    
   3.32067370      -2.69386888     -0.846270859    
  -2.95002747       2.87471199      -1.13295829    
  -2.83464837       3.26422191      -1.40684080    
   2.42328000      -2.71385074      -3.13522696    
 -0.573243916       2.94363189      -2.32287741    
   1.66252124       1.93293309       1.68741167    
  -2.98555851       3.70351028       1.28550458    
  -2.71958327      -2.41009927      -4.24867153    
   1.18411064       3.99844885      -4.17605305    
  -3.11845088       2.73906302       4.30534506    
  -1.21068704     -0.644099295      -3.87188292    
   4.08333063       2.44835877      -2.64694619    
  -2.30018878      -2.21128368      -4.21158218    
   3.35379314      -2.43615842      -1.89437521    
   4.49502087       2.22571445       3.66426587    
   1.92790556      -3.82543993      -2.58896399    
  -4.32745171       4.33711195      0.804313540    
   3.94476604      -4.05005598      -2.91874576    
   2.89598203      -2.96785331       2.49032354    
  -2.48924375      -4.41295242       2.13180542    
  -1.63716209      -3.04347706      -4.13482714    
  -4.15789986       3.97111011       1.11141098    
   1.17022431       4.42853403       8.09919909E-02
   3.42151570      -1.18957329      -3.82628250    
   4.10317945      -3.06266093       4.14054298    
   4.14764500      -1.74093568      -2.99877000    
   2.17737508     -0.999418557      -1.43348634    
   1.41306186      -2.58927608      -1.63691318    
   1.19044554       1.09029663       1.92900848    
  -1.73213482     -0.367836565      -4.12730217    
   1.91720080      -3.30507135      -3.23709297    
  -1.74620676       1.49728596       2.20357966    
  -3.89870071      -1.86641157       3.93646026    
  0.976516247      -2.73971595E-02   3.05967546    
   2.16070628      -2.05602336      0.784449637    
  0.772905409       1.01444101       3.86222148    
   1.04219007     -0.375442773       1.50135219    
   2.89159656     -0.712811053       4.18505621    
   4.15468502      -2.74106669      -2.58437562    
   2.66013741      0.334882408       2.19790149    
 -0.378152877       3.75571895      -4.38923883    
   3.69620252      0.711976349      0.932094038    
   1.46084547      -1.60756767       4.45087147    
   2.01417446       3.39681911      0.881186247    
  -3.05300498     -0.550552964       2.04647899    
  -4.07439613      -1.88485932      -1.11617994    
  -1.37068832       2.80917978       2.78506780    
  -1.68245602       1.43840611       3.77426696    
   1.04963481       3.41827774       2.09915590    
  0.784057498       2.49512458      0.250706643    
  -1.45930052      -2.00344181      -3.95123386    
   3.30645585       3.01107812       1.37933850    
  -3.01877785       2.67393208      0.571912467    
  -1.97204936      -4.24924088      -2.52990174    
  0.621087551      -2.24795628       4.21441269    
   3.08713770      -4.39159250      0.136125341    
   3.73851418     -0.550361454       4.36778212    
 -0.271202475      -2.61452961     -0.543864608    
   3.92321968      -1.26854396      -3.17659259    
  0.418055564      0.631537974       2.43607688    
  0.962639570       1.87829435      -3.84283352    
  -2.91671491       3.26066422       3.98233938    
   2.96925712       2.49407697      0.800392151    
  -1.46294510      -1.67482138       1.42770624    
 -0.394132406      -1.08663106       3.62609434    
  -3.07395935       3.53845477       3.85329247    
   1.81165111     -0.105954781      -3.22648811    
 -0.425659120       3.10921383       1.07289815    
   1.22593057       3.73105192      -2.16084313    
   1.46568894      -2.74420381      -4.36253738    
  -3.35612774       2.08133173      0.416308910    
  -1.81058192     -0.989344180     -0.575899303    
  -3.00738096      -1.33327901      -3.17793369    
  -4.09280777       4.16434956       3.87155247    
   1.25518656      -3.11034989       3.80653143    
  0.675516009      -2.14927149       1.05499923    
  -1.18503606      -2.21031475      -1.86819851    
   1.05131388      -2.90042305      0.463109195    
   3.07624626      0.362949044      -3.92473102    
  -4.31430244      -1.66611600      0.924270034    
 -0.425061524     -0.485783517       1.63392949    
   3.17809677       3.21248269       2.11529422    
   4.29574156      -1.21220946       3.59550643    
   3.38707304      -3.99933672      -1.87758839    
 -0.496574581      -3.37852526       3.63983846    
   1.70646393      -2.10165429       3.22233105    
   2.68979883       2.14355683      -2.77266955    
  0.933384180       2.75238276      -1.66068292    
   4.03488874       2.07064676       4.26989794    
  -2.35427332      -2.12426305     -0.276071757    
  -9.10191610E-02  -2.56627464     -0.611853242    
   3.93827343      -1.07762957      -2.02566028    
  -3.79624176      0.152704611      -2.87519956    
   1.33428383       3.45635772     -0.364936560    
  -3.07476783      -4.06114769       2.52029562    
  -4.00738668       2.45713067     -0.769623458    
   2.80830359     -0.795356572     -0.258240968    
   2.30456662       3.49211693      0.300064653    
  -2.37271237      0.316712052       2.27280283    
   1.46107662      0.388951987      0.767653644    
   3.36006951      -6.82139471E-02   1.03479469    
  -1.29925525      -3.08382678       2.07632494    
  -3.65980053      -2.90369534       1.02651477    
   1.71507490       3.93455744       3.97289753    
  -2.73494148       3.12673402       1.50278068    
   1.38175356      -1.32721996       1.39454234    
  0.171673730      0.911258638      -2.98074341    
  0.735311031       2.67729878      0.193412498    
   2.38309193      -2.69762611       1.35670221    
  0.741588473       1.89047527      -1.95002735    
  -4.45895386      -4.32525539      -4.05949068    
  -4.38961697       2.38694048       1.37853003    
  -2.83571005       1.43556297      -2.34113574    
   2.26204228     -0.892394125     -0.372620016    
  -3.62696004      -1.63697863      -2.43539715    
  -1.58454680       4.32617950       1.16579175    
   1.64856625      -3.65531588       1.68955266    
   2.76194930       3.47053576      0.842182040    
   4.31708336     -0.574331284      0.881766677    
  -2.01610518      -4.04895544       1.35325885    
  0.936754107       3.58123326      -4.41354275    
   2.08868837      -1.06702578       3.59838009    
   1.90848529       3.20734358      -3.00312376    
 -0.957693577       1.68190503      -1.73195088    
   1.04562497     -0.569151938     -0.157085195    
  -1.05633605      -1.58507729       2.06143284    
 -0.750845850      0.709768355       3.27726650    
  -3.93313169      -1.02223444     -0.420228690    
   2.54024529      -1.23603451      -1.85936975    
   4.20849466      -3.60839772      -1.76320720    
  0.873176634      0.166630104      -2.68996358    
   3.83810782      -3.80073500       1.86836159    
  -2.72096610      -4.45504761       3.21869183    
   4.44601822      -2.49382114       3.05525517    
  0.354784936      -2.02796745       4.03376150    
   3.73159575      -2.30884409      -3.10799074    
   1.26232600       1.05301976      -1.08209765    
  -3.72120595      -1.32386231      -2.85553373E-02
  -2.64426732      -2.28156567      -4.24845123    
  -2.69853854      -1.14748561       2.00553346    
   1.12331247       2.36076212       1.38272393    
   2.67293215      -1.38230121       2.01415515    
   4.42470312       3.77565861     -0.533305287    
 -0.104143746     -0.448630095       1.52773547    
   1.56672132       3.83453798      -4.13567019    
   3.71771169      -3.43565798      0.391059667    
 -0.174352184     -0.920792818      -3.00919533    
   3.06583071       4.28838587       3.76619959    
   3.37943625       4.39383078       3.51516628    
  -3.55201650      -3.28081131       1.59934556    
  -3.27694201      -4.30700684       3.23286891    
   3.85836124     -0.417688102       3.54988146    
   2.23391438      0.901268482       1.17770123    
   2.43612957      -2.44310117       4.18196869    
  -1.00923920     -0.629130960      -3.35060191    
   1.57714391      -4.22937489       2.86713743    
   3.29420352      -2.09339666       1.86077523    
  -2.83506632       2.83568954       2.45167708    
   1.11327136       1.67758346      0.904115379    
  0.393582016       1.22487867      -2.56471682    
   1.05596435      -1.27666402      0.614916861    
  -1.07852173     -0.284991711       1.59395969    
   1.60160613      -4.20049858      -2.41823959    
   1.96614361       4.05542231      -3.11652541    
  -3.60742140      0.904645383      -1.04859686    
   3.29075432      -3.02782440       2.90618086    
   3.97668862      -1.93718970     -0.167766824    
   1.88563395       2.53037953       1.59070086    
  0.766667664       1.37114167      -2.49642491    
   2.28801894       4.01005602     -0.685813546    
  -3.20949936       1.53726959      -3.34373546    
  0.212976009      0.967955172       9.10862163E-02
  -2.20203972       3.23885989       2.74512911    
   3.18358827       1.09100151      -3.44002795    
 -0.503143847      0.622244120      -3.50391912    
  -1.96753573       3.35807241E-02  0.373471349    
  -2.60007906       1.69895327      0.580131829    
 -0.687109053      -1.65724111      0.785298288    
   1.14867330       1.68062723      -3.16265202    
  0.450082779       2.99388051      -4.37643099    
   1.23259056      -4.13078213       2.94871640    
  -4.01511621       1.40845704     -0.134445742    
  0.949724197      -4.24803543      -3.04889369    
   3.16511703       3.71337295       1.51614726    
  -3.99010815E-02   1.94941366       4.27279329    
  -1.95233405       1.44585884      -1.24796498    
  -2.44876742       4.02204943     -0.676093757    
   4.30744696       1.11080098       2.46600008    
 -0.247515351       3.66812348      -2.66423249    
  0.598986149       1.69388068      -2.16497684    
   3.10743380      -3.57365608      0.537394047    
  -4.32979012      0.621217370      -2.26117969    
   3.23909879      -2.36314225      0.275452167    
 -0.757945657       3.32079244       2.12687612    
   2.37404060      0.609549761     -0.847335160    
   1.91692615       2.92305827      -2.17268610    
  0.923784018      -3.78043509      -2.64584923    
  0.863968611      0.347987682       1.07617319    
  -3.18854165       1.96830499     -0.416690320    
   2.11329007       4.19797468       1.74345863    
   3.34506249     -0.783993661       1.78136837    
  -3.42980003       3.59134579       3.58691430    
   4.14229298      0.726990819      -3.09378457    
   3.47643447     -0.883668900      -3.68158555    
 -0.343053490      0.713578701     -0.455158055    
  -4.26622677      -3.59515285       2.19749212    
  -3.87530899      -1.48009676E-02   6.41836599E-02
  0.356253177      0.638219357       1.79778135    
   1.41720641      0.287782282      0.261559397    
  -2.26410389     -0.701200843      0.724406779    
 -0.888439476      -1.16736782     -0.993288636    
   1.48525679       1.24898040       1.08944583    
  -2.73602676      -3.19245887       2.96695042    
  -2.96252227       1.55437303      0.612782896    
  -1.21125627      -1.67694724       2.98818994    
  0.914732635      -1.49251163     -0.190363362    
   1.02821636     -0.729316294     -0.876820147    
  -3.76803041      -1.40169740       2.61051917    
   4.15801239     -0.623415709      -1.57577276    
   4.21400166       1.36501384      -1.65257514    
 -0.475114763      0.720021367     -0.154787615    
  -1.40338290      0.638075590      0.211137086    
  -3.45375156     -0.790354252       1.86913776    
   4.48333740       4.16292381      -2.24229479    
  -1.47195780      -1.21573818       3.46789002    
  -1.40554953      -1.62492418     -0.813312888    
   4.39417219      -4.11272955       3.66673994    
  -4.10960293      0.242818803       1.55340207    
  -1.99178612      -3.74648142      0.789509356    
   3.93677449       4.02556372      -1.01064086    
  -1.45013809      0.699902654      -3.39097619    
  -3.45775080      0.191432491      -1.92464609E-02
  -4.08191347       1.87224805       3.65520906    
  -2.46621323      0.778546095       3.10143113    
 -0.875992954      -2.61315584      -4.34255886    
  -2.19258690       3.92054939     -0.161003366    
  -4.43253422       3.40434432     -0.404207855    
   4.46289492      -2.87532783       4.02062798    
 -0.252413064       3.87876797      -2.80647397    
   2.10425973       4.38868952      -4.17131472    
   1.73013985      0.104684480       2.12372446    
 -0.985218942      -4.26097250      -1.04177809    
   3.66830683      -3.03032994       2.73658347    
   3.68144536      -1.81013131      -2.05877757    
  -1.74747658      -3.77406859      -2.46237755    
  -2.91943455      -2.81869578       2.77737093    
 -0.406854659       1.32776177       1.50136447    
  0.603100121     -0.783023238      -2.82231140    
   1.13271415       1.47048748       3.10638237    
  -2.44722033       3.36026096      -3.02269864    
  -3.69018626     -0.567065179      -1.87102926    
  -3.86778712     -0.766759932       1.47542489    
  -2.14885354      -2.68518448     -0.411026031    
  0.486412227     -0.816185534     -0.629474282    
 -0.885344744      -2.27364826       1.99965620    
  0.724810183      -2.79246140      -1.88710165    
  -3.76190639      -3.80314589      -3.79544473    
   4.36851692      0.822256982       2.09067488    
   1.90885270       1.71299410      -2.67181039    
 -0.781944990      -3.90322971       1.07858443    
 -0.432775021       2.82331228     -0.947711468    
   3.07757711       3.88625301E-02  -4.15514326    
  -3.31172538      -2.66979718      -1.12092423    
   3.83195591       8.75875428E-02  -2.70361114    
  -2.60436630      -2.50136447      -1.91031826    
   3.58022523       2.99145722       1.02596807    
   2.31603098     -0.996598482     -0.327267081    
  -2.81005454      0.707176805       2.98173332    
   3.94255900      0.265607387       2.18064952    
  -4.40738678      -3.85724068      -2.63005900    
  -2.58988118      -1.98438156       1.11126769    
  -3.80576539       3.90319657       4.22932148    
 -0.327964455       3.51049805     -0.542104006    
  -3.43166161       3.28405476      0.859044611    
   1.80907834       4.27279139       2.94155169    
  -1.69845164     -0.604194462      -1.92480433    
   3.90671349     -0.436364353      -3.56537724    
  -4.06195354       2.15684819      -3.50660825    
   1.52703428      -1.61323357       1.39255583    
   2.72933078       2.13170719       8.03428981E-03
  -3.48160577      0.582746983       3.95486665    
   4.31402302       2.42757440       4.19386482    
   1.56005013       3.76505160      0.943331420    
   3.50788021       2.49095654       2.76344061    
  -1.38956892      0.602179587       3.38072681    
   3.93139935       4.33716440      -1.40105522    
  -4.36588049      -4.16694641     -0.173554495    
  0.209411338      0.539763510       1.78224337    
 -0.516227126       6.12621978E-02   2.85945773    
   2.43682265       3.09305930      -1.32249010    
   3.37087393     -0.526304722      -4.14968729    
   1.86611068      0.426987350       3.28836226    
   1.16788280      -3.69495583      0.196151033    
  -2.71952248      -4.14157057      0.100493796    
   1.75423408      -2.78226900      -4.24442005    
   1.98076653       4.09285736      -2.61954594    
   2.58861780     -0.952375293      -3.39342451    
   1.39367592       2.00432110      -4.16339159    
  0.337764174      0.363492996      -1.49766731    
   3.39152813      0.757752538      0.940792978    
   4.04208422       1.78785992      -4.47738171    
  -2.76385260       3.39499998      0.436819792    
   2.06629682      -2.89953208       4.28287840    
  -2.75004125      -2.27734113       4.21946669    
   1.62868786      -3.14937496       1.47032166    
   3.05951190      -1.05414522      -1.44559705    
  -1.05346072       3.34430885       1.25426602    
   1.94017506      -3.04664207     -0.532669604    
   3.03809237       2.46204329     -0.318842798    
  -2.30516839      -3.73017430      0.191545680    
 -0.273923844       7.81906918E-02   4.00214577    
   3.83135724      -1.41839468      -2.23518586    
  -2.92233467     -0.749411404      -4.25371218    
  -1.21510148      -4.22620106       1.23314309    
   3.71787524       4.40364647       1.40824997    
   3.39544630     -0.621216834     -0.339757055    
 -0.932070434       2.99439430      -4.10570192    
   1.21624565     -0.533960283       2.21163654    
  -3.55865550       1.31933796       1.69704294    
  -3.00325203       1.75043559       1.10400486    
  -4.18065834      -3.08255053       3.00053978    
   2.21232963     -0.809165120      -4.34848452    
   1.54893351      -2.96665978       4.37744999    
   2.32917380      0.979112625      -3.08345866    
   4.00320387      0.424350202      -1.13799119    
  -3.84616303       3.61230397      -2.12957501    
   3.52066588       3.31646228       3.67354846    
   6.03926256E-02  -3.46703601      0.784771502    
  -2.68056726      0.843716800       2.80904937    
   3.57234979     -0.379359871       3.44053364    
   1.26771891      -2.47809482      -4.49698114    
   4.29585981       1.38427317     -0.857976556    
  -1.28817987       4.38241720      -3.65465498    
   3.74044538       2.72286034      -2.57152796    
   1.83112872      -2.14510107       4.39836168    
   3.21653485      -3.71742463       3.61571360    
  -4.27254629       1.83707845     -0.773743868    
  -1.65599012      -4.28808641       3.95896244    
  -2.88223720      -2.28313780      0.111796632    
   3.51573205      -3.74856353       2.10131621    
   3.05437541       2.71416402     -0.722759902    
   1.16644776      -3.74412060       2.92327118    
   2.81103635       3.45155931       3.57565475    
  -4.17015934      -1.72601569      0.630255342    
  -1.54595566      -1.67337942      -1.63910449    
  0.381004065       1.96469045       4.04125309    
  -1.34895706     -0.159788862       1.65346289    
 -0.199595526       1.89490628      0.977823555    
 -0.710006535      -4.94341888E-02 -0.120953158    
  0.672744751       2.82361746       3.18230343    
   1.63758421       1.07118750     -0.708708882    
  -3.60638809       6.42448142E-02  -4.03383589    
  -2.63067484       3.28280950       2.19217992    
  -3.31669664       4.01120090       2.81553769    
   1.22699058       3.88124204       4.33825350    
   1.61546302       3.03274775       1.07671607    
   3.17149425      0.787817419       2.05069661    
  -3.07575583      -4.49472332       2.10984349    
  -1.61060011       1.95176375      0.714139283    
  -1.32706332       3.44754505       3.83157134    
   1.74831927      -2.41228724      0.454657018    
  -2.84752417      -3.75946236     -0.972389400    
  -4.43798637      0.577042460     -0.418890268    
   3.29854560      0.673308551      -1.52695870    
 -0.345300645      -2.01666403      0.705808342    
  -2.14207554       3.53301048       3.70528221    
   3.00858212      -4.31331778       2.17788959    
   3.35477376      -3.27558112      0.216690332    
  -1.06906044       3.47912908      -1.12967420    
  -4.13145828       1.62557113     -0.416047126    
  -2.46812820       4.45475674       4.33737898    
   4.35150146      -3.00878429       2.56055069    
  -2.78175092      -1.29752469      -2.44236827    
   4.44344950      -7.96530321E-02   2.62020087    
  -4.30373955      -1.52759755       2.63267255    
   1.55271649      -7.10045174E-02   3.22748733    
  -3.08393288     -0.977578402       1.69987381    
   2.81748343       1.88159394       2.59205222    
   2.86575460      -1.82641506       1.47049439    
 -0.875082612     -0.808353484       1.79832852    
  -2.65119696       4.15706968      -4.12424278    
 -0.591822505      -1.93487930      -7.15441778E-02
  -2.27225614     -0.720318556       1.74509585    
   2.96598710E-02   3.55025434      -3.83596587    
   3.09634995       4.37055683      -1.82358158    
   3.63673258       1.14828491      0.166031435    
   1.66824675      -2.61682606      -3.96906638    
  -1.78017747      -2.87382640E-02  -4.27485752    
  -2.73258924      0.979031086      -3.83094586E-02
  -3.28907895      -4.02003193       2.70370388    
   1.53847075      0.181656912      -3.78876328    
 -0.436862707       2.12140441      -1.91474986    
  -1.58552790     -0.599177659       2.06554413    
  -2.83216476      -1.91515648       2.43731117    
  -3.54314494      -3.56708312      0.963340700    
   1.59493387       3.40138412      -1.10827541    
   1.98906529       4.21779919      -3.91187239    
  -3.63420486      0.380483180     -0.405604213    
  0.900457382       2.73256660      -1.84091616    
  -4.43536854       3.54030013      0.991478145    
   4.39983082      0.521300793      -3.01290846    
   1.80823123       6.63074329E-02   2.70227122    
   3.39729285       3.49988842      0.395883888    
  -1.67975342       4.42523098       2.67873573    
   2.43030167       3.43873501      -2.43790340    
   1.55030036      -4.02027035       1.90817034    
  0.520939231       1.38803792      -3.15338755    
  -3.61367035       3.25122285      -2.35805798    
   4.28067303     -0.329804987       2.35578012    
 -0.992347717      -1.42384064     -0.726678073    
  -3.17493010      -3.72229385       2.90671515    
   1.90598702      -2.76209784      0.472647667    
  -2.72504640      -1.35705578      -2.81740665    
 -0.140788630       4.86831702E-02   1.05520952    
  -3.71256924       1.32703912       2.01711965    
   6.53396919E-02   2.35759282      -3.86553717    
   2.16890693      -2.19369102     -0.458237231    
   2.50353885       1.99916804       3.04540300    
  0.558697760      -4.03941298       3.27555847    
   2.02282238       2.76489854     -0.137573197    
   2.41096663      -2.02461624       2.01801491    
  -2.26260185      -1.96917295       2.45306873    
  -2.86712837       4.18044519       1.13564741E-03
  -3.28542590      0.124242082      -1.75202346    
  0.476215005       3.77508831       1.07333434    
  0.596042693      -3.40117025       4.32353020    
  0.879851580      -6.16999343E-02  -3.65484166    
   1.43009496     -0.197463706       1.82419574    
  -3.24675584       3.54110742       2.47982597    
  -1.29910505     -0.205416992      -1.62752914    
   2.23418546     -0.668857157      -1.89183950    
  -4.00727797     -0.942360461       3.27706742    
   1.16347539      0.850958824       1.64349151    
   2.05992770       3.17670202      -1.47809315    
 -0.510969996       4.06727552       1.22391629    
  -3.50646448       3.57650447       1.77316618    
  -2.63730693       3.93871236       1.84238005    
   1.81633425      -3.84648132       3.60389161    
  -1.77405298      -3.95508885      -1.21438050    
  0.554191649      -1.98610246      -1.28637254    
  -1.07341528      -1.35877883      -2.83101463    
 -0.626782954       1.67478490      -3.89640903    
   1.09912050       2.14089751      -1.72439885    
  -3.31693482       3.48964167      -6.96172789E-02
  -4.07636642      -3.43455672       1.51779199    
  -4.24796820       1.20410383      -4.43108606    
  -1.75749624       2.36540818      -1.15095592    
  -1.39596117     -0.796949267      -6.45875977E-03
   1.80912340      0.376838595      -2.30141234    
   4.17977095      -3.64864254      -3.92765880    
  -2.18124294      0.703755379      -3.52456784    
  -3.69747591      0.846740782      -2.25086403    
   4.38736963      -2.14893293       3.23235035    
   2.48757100      -2.38694215       4.04329014    
  -4.32779826E-02   3.61938834       2.34754300    
  -1.87341917       4.30428696     -0.702701271    
 -0.842310250      -4.22170210      -4.00896740    
   1.63924503       1.73254848       3.23507047    
  -3.02899170       1.09833038      -4.37547016    
   2.54666495      -4.02219105       4.19165325    
   2.53600740       8.35347250E-02  -1.86348426    
 -0.182134882      -3.30851269     -0.249933094    
  -1.39382505      -1.60907292      -2.09927773    
   2.92994833      0.319490284       1.66347671    
  -3.27779770      -1.71355736      -3.45649934    
  -2.41949558       1.87940848      -1.94055486    
  -2.58821011      -1.86511183      -3.85281706    
  0.586373866       3.69041324       1.57776988    
   1.05851078      0.722028732       2.91960835    
  -3.83316731       1.67776430     -0.824275076    
  -2.20122957     -0.118906096      -6.81570843E-02
  -1.03059328     -0.799966216       1.42815256    
   2.19189024       3.74524546      0.875340641    
  -3.46123886       3.55000067      -3.09091473    
  -1.64878941      0.363082618      -3.88980007    
   3.19627285       3.00759125       1.30512762    
  -3.41543365       2.92356730      -3.10499191    
   2.67438531     -0.319324523      -3.66107941    
  -3.94415450      -1.05002916      -3.40236855    
   2.96685553      0.504193664       1.24831474    
   2.13643432      -2.02956510      -2.03054714    
  -3.15249872       1.41192460     -0.518328369    
  -1.00541806      -1.79238319      -4.48137712    
  -4.11802053      -6.93286732E-02  -1.26700437    
   4.42663956      0.710147619       1.83093345    
   2.97278214       1.57012081       3.90019131    
   3.25190520       1.14315391      -3.49200964    
  -2.31903386     -0.500320017     -0.222033828    
  -4.48335075       4.08904886      -1.66369236    
  -2.51015854      -1.68447840       2.88102818    
   2.49211693      -2.74237442      -1.89686000    
  -3.49289799      -1.96953022      -2.98979592    
   2.64529252      -1.11853278     -0.410653740    
  -2.19907308       2.71328425      -2.31136703    
   1.30836296      -4.12696075     -0.577886820    
  -1.48915720       6.18077591E-02   2.96449304    
   1.99423230      -1.83513868      0.682398558    
  -2.21334577      -1.33450854     -0.168600991    
   1.49584186       1.57639658      -1.68323863    
  -1.34525728       1.02860153      -3.80485272    
  -1.20711708      -4.16230106      -4.49012566    
   4.44999695      -3.38522935      -1.69146132    
   2.07830405      0.106309906       1.19206023    
 -0.812143445      -3.61377645     -0.874038696    
  0.232751936       2.72989416      -2.47598767    
  -2.99789095       2.91066551       1.92066729    
  -1.31722546      -3.56349421       1.38005567    
  -2.27195740      -1.82077706      0.253727883    
  0.700656354      -2.18411279      -4.96788062E-02
  -1.31330085      0.188345805      -1.91545582    
  -3.70817089      -1.94494772       1.95022476    
   4.70888652E-02  -4.23111725      -3.75441647    
   4.10329819      -3.99195194       4.31856155    
  0.130708888       3.02145457      -1.54616058    
  -5.09383716E-02   4.24911165      -1.31313455    
  -3.98639655      -2.34218025      0.796564102    
  -1.16195619       1.32428074       2.87125148E-02
   2.78255081      -4.14332771      -3.64164996    
  -3.65011787      -4.45856762       3.13058829    
  -2.02672887      -3.07550335       1.32383549    
  -1.02226663     -0.444660425      -3.40503740    
  -6.70412853E-02   1.85394418       3.55607104    
   2.08014083      -4.19106293       2.33731699    
   4.48767567      -4.25495338      -1.21761096    
  0.309455603      -1.80351162      0.119020358    
   2.67157173      -2.41211557      -1.17535162    
  -3.18935132      0.299194008      -2.68139553    
   2.70457411       3.85198355      -3.49713755    
  -3.85286069      -4.02521944      0.829458714    
  -1.76197922      -1.47417653      -2.43454957    
  -1.94414413       1.85033929       3.72459793    
  -1.41508591     -0.432974041       3.71954417    
   1.02986479      -1.52804279       1.16345716    
   1.75395036       3.79935098     -0.774512053    
   3.67631006       1.17206705       2.76188207    
   1.95652366      -2.42117286      -1.52343476    
  -3.73990464      -3.59351897      -3.67348528    
   4.46020555      -2.57199097       3.53360581    
   2.15358543      -1.25142610      -2.50594640    
  -4.37187719       1.56617796       2.42710543    
  -3.18513203     -0.794581413      -3.95651460    
   2.72098875      0.394961745       3.58971667    
   3.03090572     -0.798665345      -2.26950216    
  -3.15091777       1.36574721      -2.11292386    
  0.205468491      0.483944595       2.36682439    
   3.57255054     -0.790526986       3.37360716    
 -0.872820437       1.23150909      -1.08934438    
  -4.17980099      -1.58739579       2.94574809    
  -4.21612263       3.62489796      -2.94978762    
   3.95757675     -0.630833626       2.80132413    
  -3.04533696       1.99325597      -4.27712345    
   3.70370984      -2.52387691       2.75282478    
  -4.29051556E-02   2.20571756      -2.76640916    
  0.649588704       1.38518512      -4.44256401    
   1.53507936      -3.09908104      0.594321787    
   4.39206886       2.56905007       3.28270984    
  -2.61360860      -2.23300838     -0.917894959    
  -3.07865477      -1.49378729      -2.26356149    
 -0.428266764      0.601691961      -1.92138076    
   3.83363175       3.30160165      0.550688148    
  -3.14392424      -1.64493299      0.554159999    
  -3.42725992       3.28643274       4.16151047    
  -4.82400693E-02  0.981202602      -2.74967599    
   3.74617147       3.58277941       1.01236773    
   2.35578275      0.770465672      -2.02668333    
   3.06292844      -1.89208949       3.05267715    
  -4.29236364      0.883978963       4.39116430    
  0.402713865      -1.27572417      -2.06302071    
  -3.44602036      -3.41721940      -3.18588591    
  -4.00660896      0.271433681       4.05621195    
   2.63482690     -0.215989739      -1.33093536    
 -0.864400446       1.75597703       2.42535138    
   2.15966558     -0.249731392      -2.44625545    
 -0.493400455      0.549436629      -1.39704370    
   1.25589573     -0.107900992      -2.28085375    
   3.08449292      -2.85580730      -3.65319061    
  0.217316359      0.802146852       3.11319089    
  0.124960378       1.71014714      0.790327966    
  -1.33084679       1.59482551      -2.32069683    
  -1.62451005     -0.560843527       3.96103406    
   2.53074336     -0.634203553      -4.24129725    
  -4.29729891       1.79809356     -0.617103398    
  -1.94304979      0.285289973       2.25601864    
   2.53768969     -0.865440071      -1.11950696    
   2.62240362      0.798578978       3.50663567    
  -1.55448139      -3.63943614E-02   3.29919100    
  -4.41654491       3.37399077      0.854571223    
   3.69924569      -1.03797150       5.07130660E-02
   4.22603083       2.99490976      -3.44206357    
  -4.26788521     -0.487963080      -3.54428101    
  -2.39455533     -0.658249557       7.70427063E-02
  -2.92964792      -4.48281050      -3.18013144    
   2.01100850       1.27090323      -1.49988067    
  -2.13329411      -3.22796965       1.99076796    
   2.78475714      -2.25756788      -4.34590816    
  -3.75628281       4.04724932      0.208146945    
   3.20078182     -0.502486706       1.70638669    
  -2.07918096      -3.40086913       3.00952840    
  -1.44512069      -2.48072600      -3.98435330    
  0.829790771       2.88101625     -0.697504222    
  -2.34741116      -3.64610028       4.30775309    
  -2.29221439       2.18663025       4.28338432    
  -1.38699996       2.67705955E-02   3.51892829    
  -1.65253544      -2.54819870       1.50979626    
  -3.74447298       1.26904392      -2.68321133    
   2.81193590       4.37011433       1.71572351    
   3.40739346      0.648066819      -2.30156994    
   1.49114692     -0.190893903       8.91083553E-02
  -2.39197874       3.42477465       3.52830529    
   2.72309637      -2.61704183       1.65352035    
  -2.00801516      -2.79861450       3.58329582    
  -2.79027820      0.804668665      0.577930808    
  -3.94066548       1.88384867       4.33731270    
  -2.92594123      -4.10406923       1.71438611    
  -1.15410268       2.70597696      -1.53735602    
  -3.40543699     -0.177882507      -4.27371740    
   1.31791162       1.48940074       3.48328328    
   1.17071998       1.54752421      -2.95160556    
 -0.721673608      0.142853394       3.10429096    
   3.57026625      0.260820717     -0.688667953    
   1.48244202       2.61016464      -3.08043098    
  -3.07598281      -3.36210203      0.674570799    
  -3.21149230       3.03043580       4.08019257    
   1.67440128       3.84856534      -2.37767124    
  -1.17909920      0.503504336       1.20913732    
   4.49430752     -0.493415475      -3.46409535    
  0.197036162      -1.80516708      -3.72905040    
  -2.14821148       2.12457538       1.54834712    
  -4.16723633      -2.18804336      -3.48176622    
   2.66140127      -3.92340922       2.36953282    
  -2.11777163      -3.21877980      -2.37728763    
  -3.28346682       3.78555441      -1.41830134    
   2.06323361      -3.03159022      -3.58650708    
  -3.74794006       3.08824921       4.19346809    
   2.61153102       3.99643064      -3.62586784    
  -3.95697546      0.885578632       3.72602534    
  -3.22140574     -0.110719994      -4.45666552    
  -1.29483819       1.58817899       3.87795258    
   2.55649686     -0.946947575       1.74274671    
  -1.38631487     -0.792992473       1.83186102    
  -3.45769334      -3.22506857      -3.85410833    
   1.89682782       3.59458375      -4.33899498    
   2.52201176      -3.00451922      -1.73258603    
  -2.16922450      -1.67322111       3.52434468    
   2.14447784      -3.16694665      -2.49480700    
   4.05152845      -2.00938845       1.20724905    
   2.04851437       2.34170341      0.564263344    
   2.73749280      -2.74817061       4.29495144    
  -3.16447902       1.27136612       4.47927237    
   3.59636855      -3.08325386      -1.10202432    
   2.43155909      -2.03688264       3.07931519    
  -1.92640829       4.48544264       1.67380965    
   1.36043906       1.60238457       2.61505699    
  -2.42406607       3.68558145      0.702140689    
  -3.43811870      0.255504042      -2.38412905    
   1.79887569      -1.91802967       1.28024375    
  -3.99276567      -2.46472120      -1.09128737    
   1.31948769      -3.88518929       2.44271278    
  -1.00574100       2.95338988       1.47986770    
 -0.388780326      -3.77761436      -4.16100073    
  0.834231436       3.98870325       2.34851623    
  0.850588143      0.395668775      -1.20639229    
 -0.537609160      -2.90493560      -3.61831856    
   4.09449291       2.94036126      -3.16331339    
  0.852268279       1.40287971      0.244657725    
  0.754211485      -3.56518245     -0.410939127    
   2.60108256       1.33957422     -0.343529850    
   2.62832689      -2.52573824     -0.678111315    
  0.629219472      -2.59874368       3.36779165    
   2.52217960      0.496409357     -0.999282837    
 -0.364544421     -0.482465625      0.741222084    
   3.05022883       3.44652152      -3.14046907    
  -3.61524200      -1.45653403      -3.80263996    
 -0.231438190       3.29831219       2.70251942    
   3.99941278     -0.591843963       2.90911508    
  -3.83450937       2.54492474      -3.72000909    
   3.92460155      -4.30830050       1.49787605    
 -0.788509429      -1.71504438      -2.49142003    
  0.424364686       3.52325845      -2.09349108    
   3.76644135       1.42852163       3.07711577    
   3.09105587      -2.49540424      -2.30167413    
  -1.97779357      -4.44408131      -3.91200328    
   1.63300836      -2.27414608       2.67555523    
 -0.213182539      -1.28677487       1.90684533    
   4.38918543       2.78151155      -2.00301766    
  -3.47339392     -0.250224918      -2.68711615    
  -4.01811266       1.55168271     -0.183015719    
  -2.66913414       3.91271687      -1.51036870    
   1.44134259       2.79715753      -1.20152843    
   2.69931364      -1.71713805      -3.59952712    
  -4.38347340      -1.14879835     -0.577715158    
