  0.811307430       2.83919215      -2.55073142    
  -2.04479814      -2.70561790      -2.96094728    
  -1.26931417      0.871094465      0.413824856    
  -2.42348504      -4.57252152E-02  0.332208008    
   9.12906229E-02  -2.09919667       1.06197143    
   1.49763203     -0.674970388       2.83218169    
  -1.44332610E-02  -6.46246895E-02   1.78559172    
   2.19181681      -2.51327205      0.955731452    
 -0.809940577      -1.51702452      0.432479262    
   2.47108173       2.31140208      0.128835127    
   1.23768115       2.94400930       1.18174367E-02
  -1.00043774      -1.74809706      -1.20337415    
   2.37005687       4.06531580E-02   9.85949188E-02
  -2.24555945      -1.11959231     -0.941065431    
 -0.451318592       2.83847427      0.129787654    
   2.28787804      -2.75275874       2.33215117    
  -1.88075995     -0.694528461       2.00305915    
   1.82519984       1.35143459       1.33728790    
  -1.80662632       1.29605806      -1.19050002    
  -2.59545159       2.94106960       1.27876842    
 -0.354836076       1.23891509       9.80913639E-02
  0.318136901      0.629544199     -0.869573057    
 -0.538733244       2.94824028      -2.60246897    
   2.85736966      0.372466534     -0.602268279    
  0.156866655      -2.72688770     -0.676287591    
   1.75466514      -1.71950960       2.02534270    
   2.63777614      -1.31206441       2.66419935    
   2.76251984       1.36362624       2.12911415    
   2.84749126      0.350563228      0.910773575    
   1.08909130       2.71227336       2.20313168    
  -7.15849772E-02 -0.676271617       1.17386508    
  0.412798464      0.962332308      -2.05186272    
  -2.30755138       2.32575297       2.81921339    
   2.54753327     -0.802972078       2.52640772    
  -2.47615051     -0.797047019       1.46954763    
 -0.829682052      -3.46136764E-02  0.933383226    
 -0.335782737      -1.29261136      -1.97268033    
   1.74416924       1.95724523      -5.72281331E-02
   2.27928042      0.790893197       2.72177839    
  -1.21010637      -1.55816889     -0.608745754    
   2.95174885       1.68289661      0.871301115    
   2.26773095     -0.369958103       1.66266537    
   2.90528917       2.56370401       2.74447250    
  -1.11352229       1.35656095       1.64842594    
  -2.14628077       2.46463513      -1.81961811    
   2.74093676       2.61515880       1.40105402    
  0.202172220       1.50128579     -0.714935064    
  -1.09152198      -2.91287398       2.20260692    
   1.23565650       1.68719339       2.30204368    
   2.41243315      -1.96615493       1.39251435    
  0.622567952     -0.850114405      -2.27903843    
  0.511806667      0.385625988      0.947966874    
  -2.12050772      -1.55356586       2.81850433    
   2.63445807      -1.01071489      0.773855209    
  -2.30453086       1.27192354      0.173662394    
  -1.21009743       1.67999864     -0.162242383    
   1.67026567      0.772988141       5.07182442E-02
  0.537755609      0.294202775      -2.65807271    
  -2.00495911       2.42745423       1.89028919    
  -1.39372873       2.00999713      -1.98039234    
   1.43061709       2.07148623      -1.79037261    
  -2.37413168      -1.91002715      0.997732520    
   2.65244985      0.123491079      -2.09705424    
  0.132311106      -2.71678686       2.70780230    
  0.876409352      -1.77987075      -2.48783588    
   2.26899981     -0.597869039     -0.257896751    
  -1.13946760      -1.01412356       1.75793505    
  0.598813236       2.05068207      -2.93196177    
  -1.01087177       2.95628238      -1.08173048    
  -1.93859768      -2.02483296      0.387623280    
  -1.80275452       1.44010472       1.09080815    
   1.50298810       1.40754378      -2.91044426    
  -2.62463713       2.72075915      -1.22917032    
  0.940051854      -1.56611371      0.898462117    
 -0.695707440      -2.07224631      -2.61747336    
   1.56864524      0.491619915      -2.36008811    
   5.92934974E-02   2.06920576      0.359593391    
  0.706513286      0.750608087       2.54832363    
  -2.87050796      0.912579060      -2.81549215    
  -1.78594947      0.286139607      0.996516943    
 -0.327728868      0.892335355       1.19713330    
  -2.53675890      -1.05330527      0.119093992    
  -1.16901731       2.78841329      -1.97908378    
  0.934071243       1.68623090       6.89823627E-02
  -2.29521799       1.46001518     -0.790705621    
  0.715997040       2.95835876      -1.38088644    
   1.10028934       2.26536679     -0.826606393    
 -0.318031788      0.115162037      -2.00916624    
  0.318441093       1.12890995       2.10806918    
   4.50240374E-02   1.90615141       1.56184673    
   2.92406988       8.65603387E-02   2.13177848    
  0.794538200       1.49141037       1.05694902    
  -1.39996517      -1.37906706      -2.55240226    
  -1.82355714     -0.809434474      0.745001256    
 -0.764642596       1.92647398       1.03788686    
   1.60527885       1.99130499       1.21625328    
   2.75022364       1.64487576      -1.54303372    
   2.82761621      -2.92438006      -2.08540964    
  -1.18034506      -2.69530511      0.270122916    
  0.585813880     -0.391732454       2.45416164    
  -2.91609073     -0.324613988      -1.17933166    
  -2.64482903      -2.21621251      -1.02487826    
  -2.10609269       2.57146239      0.588259459    
  0.838215172      -1.07693255      -1.55641747    
  -2.04867172      0.447008550     -0.683610678    
 -0.455225050       2.22082424       2.36253047    
   1.99261403      -1.65157652     -0.947730362    
  0.377507269      -1.62661254      -1.00549483    
  -1.50083768       2.59278965     -0.605433822    
  0.958021104      -2.37070823       1.66946363    
  -2.86432481      -2.17081857       6.46846071E-02
  -1.50596690       2.67511153       1.12411630    
  -1.28567648      -1.47328937       1.21402359    
  -1.39652550       1.24475658E-02 -0.526208878    
  0.387987137       1.75487804      -1.87862146    
  -2.31552625      0.485884190       1.68372846    
  0.767832994      -1.91361094      0.126011163    
  -1.59777474      0.997323334       2.36939788    
   2.19022846      -2.01374626      -2.76595280E-02
  -2.82392788      -1.31948376      -2.03148508    
   2.02659893      -2.88223767     -0.921404123    
   2.62788057      0.942259312       1.46109152    
   2.78384352       2.91082954      -6.58398271E-02
   1.46488512      -2.38566947     -0.361507505    
   2.05599809       2.36778522      -1.48635745    
   2.74712849      -1.94130671      -2.42398047    
   1.25790679      -1.85248268      -1.42506719    
  -2.22823715     -0.441813499       2.86669612    
   1.20418513       1.07013416      -1.30990219    
  -2.43592834      -8.32374692E-02  -2.71403456    
   1.53515995       2.86871290       1.10154688    
  -2.27630711       2.30812788     -0.215979978    
   2.08644366       1.81484938      -2.58712101    
  -1.28720546       5.09283394E-02   2.09896207    
   2.47616601     -0.882409036      -2.20068073    
  -1.59123242      0.714870632      -1.98492372    
  -1.49307883     -0.627338409     -0.228680134    
  0.335297883       2.65793538       1.39658976    
 -0.311039060      0.260931015      0.167101234    
   1.95139849     -0.625973165      -1.57632101    
   1.48422718      -2.24847221       2.43458819    
   1.59178519      -1.65441191      -2.51824069    
   2.14116740      0.914493561      -1.52513444    
   1.42824531     -0.880745888     -0.418109059    
  -1.89415097       1.20171762      -2.88858151    
  -2.78132343       1.82294834      -2.27342939    
 -0.385178924      0.245361835      -2.89187622    
  -2.41581464       1.67745066       2.00243878    
 -0.129284590     -0.648789704     -0.798394322    
   1.03204536      -1.08546710       2.12374973    
 -0.809331298      0.401752681      -1.18475235    
  -1.52977169      -2.10289216      -2.08159328    
   1.78564179     -0.203362197      -2.79065299    
 -0.188262701       1.72906482      -2.83029461    
  -1.93007243     -0.315187782      -1.51076829    
   1.48064649      0.463916153       1.98350894    
   1.33624434     -0.704119146       1.26178503    
 -0.777143598       1.31721067     -0.997250259    
 -0.365698814      -2.49560404       1.72989643    
  -4.86246869E-02  -2.19752884      -1.81918764    
  -1.32321465       2.20403504       2.74224591    
   1.13830280      -6.62407577E-02  -1.60054088    
 -0.486125112      -1.16539013       2.61369872    
  -1.30096984       4.02433425E-02  -2.61193585    
   2.64086056       1.19975138      0.131945133    
  0.252663374      -1.79977393       2.67813706    
 -0.697778404       1.44077897      -1.77329099    
   2.23567963      -2.39783645      -1.61402142    
   2.89326787      -1.42322731     -0.712788224    
   2.02118921       2.09284425       2.40311646    
  -2.70220757      -2.35589123       2.52841687    
 -0.778865337     -0.666258454      -1.54173255    
 -0.754705906      0.559285939       2.03599095    
  -2.56712604      0.645755351      -1.79855835    
 -0.437432915     -0.579880774      -2.96769381    
   1.42448986      0.460112959       1.31895626    
  0.403847933     -0.131050855      -1.02379155    
  -2.30415612E-02  -1.40081918       1.87028646    
   1.74892712      0.407431275     -0.985102057    
  -1.82558966     -0.900144160      -1.91860318    
   1.09120798      -2.79576230      -2.20628023    
  -2.90271235      -1.63949883       1.82418716    
  0.474967241     -0.803957164      0.505368948    
   2.36784625       1.63514853     -0.776011825    
   1.95375264      -1.18461859      0.667134523    
  -2.11109138      -2.18964815      -1.60292339    
  -1.89666283      -2.19187236       1.87558484    
 -0.639136732       1.27184808      -2.82209182    
 -0.374901682       2.60161924      -1.63118446    
  0.537776887      -2.84257698      0.564157605    
   1.35492182      -7.83679560E-02  0.485735983    
   2.06335688      -2.89036560      -2.61278963    
  -1.71164942      -2.31918073     -0.539970219    
 -0.376618892     -0.734272778      0.203852296    
  0.857755184     -0.700150907     -0.429164350    
  -1.08576691      -2.01917505       2.44448590    
 -0.156497926      -1.92250454     -0.106761679    
 -0.140677720       2.44102836     -0.840633631    
 -0.830560923      -2.51392555       1.07201087    
  0.805957198      0.693491101      -8.68304074E-02
