   4.99999989E-03   0.00000000    
   1.49999997E-02   0.00000000    
   2.49999985E-02   0.00000000    
   3.50000001E-02   0.00000000    
   4.49999981E-02   0.00000000    
   5.49999960E-02   0.00000000    
   6.49999976E-02   0.00000000    
   7.50000030E-02   0.00000000    
   8.50000009E-02   0.00000000    
   9.49999988E-02   0.00000000    
  0.104999997       0.00000000    
  0.115000002       0.00000000    
  0.125000000       1.06609846E-03
  0.134999990       1.82815292E-03
  0.144999996       0.00000000    
  0.154999986       0.00000000    
  0.164999992       0.00000000    
  0.174999997       5.44069742E-04
  0.184999987       1.46056397E-03
  0.194999993       1.75284757E-03
  0.204999983       7.93021056E-04
  0.214999989       1.08147005E-03
  0.224999994       1.64581940E-03
  0.234999985       9.05250083E-04
  0.244999990       1.11049355E-03
  0.254999995       2.30651209E-03
  0.264999986       2.84765335E-03
  0.274999976       1.98325445E-03
  0.284999996       2.05170503E-03
  0.294999987       1.72347878E-03
  0.304999977       2.68721185E-03
  0.314999998       2.51931581E-03
  0.324999988       2.84001930E-03
  0.334999979       2.97000352E-03
  0.344999999       5.74069470E-03
  0.354999989       3.43824876E-03
  0.364999980       4.87866579E-03
  0.375000000       4.74046450E-03
  0.384999990       6.85857050E-03
  0.394999981       8.33155494E-03
  0.404999971       7.41719687E-03
  0.414999992       8.80589616E-03
  0.424999982       9.13452450E-03
  0.434999973       1.25947138E-02
  0.444999993       1.56539604E-02
  0.454999983       1.52954496E-02
  0.464999974       1.65716317E-02
  0.474999994       1.97222810E-02
  0.484999985       2.11846512E-02
  0.494999975       2.52347011E-02
  0.504999995       2.50948053E-02
  0.514999986       3.11675388E-02
  0.524999976       3.50707583E-02
  0.534999967       3.99441570E-02
  0.544999957       4.25317809E-02
  0.555000007       5.15096597E-02
  0.564999998       5.69071397E-02
  0.574999988       6.21032007E-02
  0.584999979       7.04684556E-02
  0.594999969       8.03127289E-02
  0.604999959       8.99282247E-02
  0.615000010      0.100951828    
  0.625000000      0.110931076    
  0.634999990      0.126312301    
  0.644999981      0.139412194    
  0.654999971      0.149095237    
  0.664999962      0.164015859    
  0.674999952      0.182859242    
  0.685000002      0.202458233    
  0.694999993      0.223966718    
  0.704999983      0.237275034    
  0.714999974      0.266088724    
  0.724999964      0.287304670    
  0.734999955      0.310329258    
  0.745000005      0.344244093    
  0.754999995      0.370972663    
  0.764999986      0.397021234    
  0.774999976      0.426828861    
  0.784999967      0.461324751    
  0.794999957      0.499393135    
  0.804999948      0.523609698    
  0.814999998      0.565362871    
  0.824999988      0.604779840    
  0.834999979      0.633099318    
  0.844999969      0.676088393    
  0.854999959      0.717341006    
  0.864999950      0.751038074    
  0.875000000      0.793808758    
  0.884999990      0.825597405    
  0.894999981      0.862677991    
  0.904999971      0.895771384    
  0.914999962      0.937572896    
  0.924999952      0.969810963    
  0.935000002      0.998684645    
  0.944999993       1.03794277    
  0.954999983       1.06156671    
  0.964999974       1.09530389    
  0.974999964       1.12230551    
  0.984999955       1.14616847    
  0.994999945       1.17733669    
   1.00500000       1.19911981    
   1.01499999       1.21941972    
   1.02499998       1.23479271    
   1.03499997       1.25489628    
   1.04499996       1.27351213    
   1.05499995       1.28325009    
   1.06499994       1.30178034    
   1.07499993       1.30566049    
   1.08499992       1.30945206    
   1.09500003       1.32066381    
   1.10500002       1.32041204    
   1.11500001       1.33306015    
   1.12500000       1.33133638    
   1.13499999       1.31511962    
   1.14499998       1.32196116    
   1.15499997       1.32122469    
   1.16499996       1.31732047    
   1.17499995       1.30889487    
   1.18499994       1.29962933    
   1.19499993       1.29290187    
   1.20499992       1.28330791    
   1.21499991       1.28308630    
   1.22500002       1.27243185    
   1.23500001       1.25961995    
   1.24500000       1.25088918    
   1.25500000       1.22990024    
   1.26499999       1.22375441    
   1.27499998       1.21459770    
   1.28499997       1.19753051    
   1.29499996       1.19000173    
   1.30499995       1.16945362    
   1.31499994       1.15648067    
   1.32499993       1.15223277    
   1.33499992       1.13910377    
   1.34499991       1.12384176    
   1.35500002       1.11124754    
   1.36500001       1.10381174    
   1.37500000       1.09553111    
   1.38499999       1.07308209    
   1.39499998       1.06375217    
   1.40499997       1.05484915    
   1.41499996       1.04828048    
   1.42499995       1.03461897    
   1.43499994       1.02932525    
   1.44499993       1.02412319    
   1.45499992       1.01061404    
   1.46499991       1.00037515    
   1.47499990      0.990332484    
   1.48500001      0.986303329    
   1.49500000      0.978386998    
   1.50500000      0.975030005    
   1.51499999      0.970181882    
   1.52499998      0.957790494    
   1.53499997      0.957622230    
   1.54499996      0.949422121    
   1.55499995      0.946388245    
   1.56499994      0.943312109    
   1.57499993      0.933799446    
   1.58499992      0.934992492    
   1.59499991      0.928123713    
   1.60499990      0.928229511    
   1.61500001      0.921560884    
   1.62500000      0.923694134    
   1.63499999      0.920865953    
   1.64499998      0.914566100    
   1.65499997      0.917539001    
   1.66499996      0.915301323    
   1.67499995      0.911648989    
   1.68499994      0.914748669    
   1.69499993      0.913730383    
   1.70499992      0.916906297    
   1.71499991      0.908878803    
   1.72499990      0.914239943    
   1.73500001      0.914682388    
   1.74500000      0.918210745    
   1.75500000      0.917933464    
   1.76499999      0.915995955    
   1.77499998      0.923722386    
   1.78499997      0.922523677    
   1.79499996      0.923685431    
   1.80499995      0.924436867    
   1.81499994      0.929858267    
   1.82499993      0.927077413    
   1.83499992      0.930110812    
   1.84499991      0.939450383    
   1.85499990      0.940386057    
   1.86500001      0.938702464    
   1.87500000      0.940093637    
   1.88499999      0.949834883    
   1.89499998      0.951366127    
   1.90499997      0.950606823    
   1.91499996      0.955935597    
   1.92499995      0.961276352    
   1.93499994      0.962176561    
   1.94499993      0.966467857    
   1.95499992      0.972124696    
   1.96499991      0.969369590    
   1.97499990      0.976762950    
   1.98499990      0.975094438    
   1.99500000      0.980314434    
   2.00500011      0.984878182    
   2.01500010      0.984380245    
   2.02500010      0.986247838    
   2.03500009      0.995842099    
   2.04500008      0.995392382    
   2.05500007      0.995695293    
   2.06500006      0.997910321    
   2.07500005       1.00339472    
   2.08500004       1.00440228    
   2.09500003       1.00701785    
   2.10500002       1.01008976    
   2.11500001       1.00993884    
   2.12500000       1.01226866    
   2.13499999       1.01256776    
   2.14499998       1.01873875    
   2.15499997       1.02249587    
   2.16499996       1.01965356    
   2.17499995       1.02217364    
   2.18500018       1.02390182    
   2.19500017       1.02509129    
   2.20500016       1.02725089    
   2.21500015       1.02865243    
   2.22500014       1.02708042    
   2.23500013       1.02936769    
   2.24500012       1.03146303    
   2.25500011       1.02912676    
   2.26500010       1.02654326    
   2.27500010       1.03108382    
   2.28500009       1.02992761    
   2.29500008       1.02885592    
   2.30500007       1.03125060    
   2.31500006       1.03170788    
   2.32500005       1.03216100    
   2.33500004       1.03118253    
   2.34500003       1.03174269    
   2.35500002       1.03220987    
   2.36500001       1.03111136    
   2.37500000       1.03093910    
   2.38499999       1.02987647    
   2.39499998       1.02755082    
   2.40499997       1.02547216    
   2.41499996       1.02440560    
   2.42499995       1.02588284    
   2.43499994       1.02701330    
   2.44500017       1.02086890    
   2.45500016       1.02003789    
   2.46500015       1.02150607    
   2.47500014       1.02136254    
   2.48500013       1.01867676    
   2.49500012       1.01725626    
   2.50500011       1.01417768    
   2.51500010       1.01566553    
   2.52500010       1.01441205    
   2.53500009       1.01329315    
   2.54500008       1.00941968    
   2.55500007       1.01105857    
   2.56500006       1.00885487    
   2.57500005       1.00838888    
   2.58500004       1.00600016    
   2.59500003       1.00474882    
   2.60500002       1.00522220    
   2.61500001       1.00263333    
   2.62500000       1.00136447    
   2.63499999       1.00119388    
   2.64499998       1.00151360    
   2.65499997      0.999857903    
   2.66499996      0.996028900    
   2.67499995      0.997709632    
   2.68499994      0.993001223    
   2.69500017      0.994925499    
   2.70500016      0.996744394    
   2.71500015      0.993684888    
   2.72500014      0.993311942    
   2.73500013      0.991204858    
   2.74500012      0.991285920    
   2.75500011      0.990743637    
   2.76500010      0.988994122    
   2.77500010      0.986557066    
   2.78500009      0.989728689    
   2.79500008      0.985451341    
   2.80500007      0.988452733    
   2.81500006      0.988454342    
   2.82500005      0.986168921    
   2.83500004      0.984853446    
   2.84500003      0.986279011    
   2.85500002      0.985731363    
   2.86500001      0.986398458    
   2.87500000      0.985322058    
   2.88499999      0.984934747    
   2.89499998      0.988585293    
   2.90499997      0.986441851    
   2.91499996      0.985586882    
   2.92499995      0.985535860    
   2.93499994      0.986853957    
   2.94499993      0.986694574    
   2.95500016      0.985261261    
