  0.781392574      0.623087049       1.99895930    
  -1.26941085      0.317961931      0.290241987    
 -0.640690744       2.08608627      -2.35475016    
   2.60619164     -0.486658365     -0.100222185    
  -1.06041765      -1.91803753      -2.03158736    
   2.40257192      -1.39540076      0.653287292    
  -1.42501402     -0.480201453      0.957524121    
  -1.13882756       1.77100456      -1.35551345    
   1.94774795     -0.338694543      -1.07264125    
  -2.72055793       2.56672168       1.19154263    
 -0.477930397       1.81477773       1.57495129    
 -0.513232350      -1.05993652      0.415915996    
  0.183844164       1.91796732       1.19687164    
  -2.68871546       7.99320862E-02   1.02684236    
   2.11749983      0.385963917       1.16151726    
  -1.57380235       1.69351876       2.74914145    
 -0.799210966      0.189802468      -1.69865286    
   1.70887208     -0.327816278      -2.69870806    
  0.766366780     -0.119490020      -1.04065478    
  -1.90827525      0.359017789       2.28847027    
 -0.395447105       1.39209080      0.516998768    
  0.287309289       1.83253896       2.80296755    
   2.61894774      0.788653076      -2.43223596    
  -2.25413227       1.12497783      0.915093362    
   2.85518336      -2.11681199       1.17295897    
  0.945723534     -0.534572840       2.24148273    
  -2.31668234      0.288956076      -1.76264036    
  -1.73228216      -2.95324278      -1.28999591    
   1.46995044       2.16727543      -1.69692612    
  -2.61056185      0.247744754      0.424488962    
  -1.88050115     -0.394711047       2.30462432    
   5.52980714E-02  -2.11735368      -1.55319214    
   2.00129628       1.25894403      -2.01056361    
 -0.798557401     -0.729989350       2.77002025    
  0.234225035      -2.49716330       1.23528779    
  -1.20990121      0.748144865      -1.94298279    
   1.93014038      -2.77145505     -0.678763926    
  0.586941540       2.25940013      -1.30337453    
  0.941444516      -1.43675840      -2.02606678    
   2.63186836       2.76430225      0.514888942    
  0.848126113      -1.52628517       2.96291018    
   2.09632087       2.44410253       1.45617223    
  -2.75647259       2.05806518     -0.188023046    
  0.916364908      -2.81429482       2.84265018    
   2.47671294       1.49142134     -0.791304469    
 -0.575174809       2.76355004       2.38376427    
   2.72682381       1.84213626       2.91739035    
 -0.741665602       2.28468466     -0.521974802    
  -2.92777872       1.46222365      -1.49683142    
   1.10701823      0.746059954      -2.36688423    
 -0.986113131      -1.01429534     -0.843264937    
  -1.59548974       2.12564802       1.13107467    
  0.213491440     -0.684702814     -0.326974690    
  -1.07529855     -0.864904404       1.71426713    
  0.820196271       2.82132196      0.992748976    
  -1.02364135      -2.85122252      -1.45336592    
  0.534657240       2.85419512      -2.05939150    
   1.57521522       1.28998804      0.260869682    
  -1.29916370       2.20004034      0.684393942    
  -2.43883181      -1.25622737      0.788552284    
   2.23340464       2.50029540      -3.43922190E-02
  -2.32807803       2.95572901       2.09738684    
   2.15360880      -2.17720294     -0.456851512    
  -1.83471704      0.247440577      -2.58314252    
  -2.57976127       2.76479268     -0.480400383    
   2.73372245       2.35394049      -2.38227201    
 -0.161722913       2.73461127      -1.19425786    
 -0.844423056      -2.18978310       1.92651641    
   2.88124345E-02   1.13320768      -2.25170636    
 -0.597678542       2.74955678      -2.37128067    
   1.70251715     -0.863567829       2.56123543    
  -1.03003871      0.754412293     -0.750288367    
  0.144140869      -5.64378649E-02   2.68788934    
   7.86551014E-02  0.760693014       1.49972546    
   2.21931529      -1.35380745      -1.87194002    
   1.59764087     -0.193255559      0.360955417    
  -2.96903634      0.351640284     -0.965356410    
 -0.925573707      -2.16895890       2.90850234    
  -1.96621013      -2.61286783       1.16145825    
  -2.34622478     -0.562363207      -2.63756061    
  -2.78228903      0.413267642       2.90127444    
  -1.56028271       2.44814444       2.09568763    
  0.130554229     -0.515664339      0.902914882    
   1.06872165      -2.63323736      -1.52758956    
   2.06119728       1.17758644       2.19360185    
 -0.665736139      0.307109684       1.69609940    
  -2.88243389      -1.03489423      -2.96017480    
   1.41638267       1.98162043       1.03860021    
   2.81755018     -0.828909755       1.97015846    
   2.69893169      -1.68112397       2.52621889    
   1.65251100       2.20012069      -2.63903832    
  0.678442955       2.56022835     -0.400048852    
   1.39562774       2.17410707     -0.633555353    
  0.270412534      -2.48057008       2.67508793    
   1.06342709      0.910647273       1.18526661    
  -1.48145688      -1.85211338E-02 -0.860754967    
  -2.93604541      -1.99665034     -0.624380231    
   1.68026948      -1.45743454       1.48908627    
  0.684242010       1.68564057      0.135610759    
   1.55885255      0.254712582     -0.678688288    
   1.33206916      -2.80534339       1.71606278    
 -0.503327847      -1.60077548     -0.580260634    
   2.32847261      0.391912341      0.101303451    
  -2.01681781     -0.968156338      -1.59486842    
  -1.77514434       1.79616392     -0.470076621    
 -0.565474272      -2.85048580       1.41274524    
   1.59904194       1.84305406       2.40673256    
 -0.961415946       2.99856886E-02   2.67487955    
  -1.47949171       1.19524717      0.133686811    
 -0.525704503      0.906619430       2.58999991    
  0.917585373      -1.02858257      0.909100056    
  -1.34129226      -1.77011180      -1.12698436    
   1.91248190       1.48240685     -0.522273064    
  -1.43162227       1.26912987       1.58785164    
  -2.84476089       1.86793065      0.997580051    
   2.82351828       1.09496760       1.69639015    
 -0.882460654      -2.55244589      0.670605779    
  -2.34815454       1.43929553      -2.39066076    
  0.123542815      -1.52283049       1.45781851    
  -1.58219409      -1.84507215       2.02914143    
   2.12048459      -1.21384490     -0.812523186    
   1.05269134      -1.72982132       1.87048054    
  0.518710673      0.633037746     -0.204627395    
   2.03428864      -1.96263647      -2.09883738    
  -1.22809935     -0.598434567      -2.05381846    
   1.20499969      -1.72211218      0.148109809    
  -1.76713085      -2.34468389     -0.309014082    
 -0.359582007      -1.18697965      -1.71969891    
  -1.46446264      0.386312157       1.24217165    
 -0.141924724       2.51104879      0.334724188    
   2.00095606      -2.93781471       2.26935029    
  0.997531235      0.733928323       2.89027119    
  -1.92684484       1.65862894      -1.69946575    
  -1.98359597     -0.980069160       1.62125838    
   2.33467650      -2.37219310       1.88835931    
   1.26416755      -2.82556176      0.349608690    
  -4.67147455E-02  -2.13169193      -2.43296719    
  -6.46344945E-02  0.525004685      -2.35092378    
  -1.61919427       2.71318507      -5.58825396E-02
  -1.58194256      -1.98616600      0.253854454    
  -1.28046978      -1.17514181      -2.77446985    
   2.68883491     -0.683366120      -2.05529284    
  0.759879351      -1.24625921     -0.672758281    
   2.40416288      0.331252158      -1.44527614    
 -0.159081459      -1.47331953       2.20318604    
   3.66099551E-03 -0.466226935       1.76793635    
 -0.333124548      0.343384475      0.580320418    
  0.566009581       1.90796578      -2.67936087    
   2.22566891      0.117496558      -2.57217479    
   2.46062040      -2.71022391       2.84808207    
  -2.67360878       2.77412033       2.70858669    
   2.13531232      -2.59345031      -1.63977528    
  -1.96259952      -2.71739173      -2.09119153    
  0.840380311     -0.396644801      -2.38919473    
 -0.476935565       1.61504042       2.41251850    
   1.99558520      0.228279188       2.31682205    
  -2.65905333     -0.526824951      -1.12634730    
  -2.75914907      -2.40007424      0.454018563    
  -2.30529165      -1.88006568      -2.89583969    
  -1.89168727     -0.356992424     -0.291806698    
   1.25631809     -0.726163864      -1.73245370    
  -2.95546365      -2.37720132      -2.23196340    
   1.11536121       1.58655787       1.78591418    
  -2.69949317      -1.34017277     -0.282106668    
  0.103090405     -0.405630469      -1.67369926    
   1.90144145      -2.26565051      0.712245047    
  0.338116080      -2.40689421     -0.281514078    
  0.473987877       2.47076654       2.01512837    
   1.40231979     -0.315286189       1.49996376    
  -2.20206904      0.887424409     -0.841876864    
  -2.70731759       1.02861094      -4.26076539E-02
  0.726050615      0.271767616      0.421883941    
 -0.565636635     -0.400147557     -0.339651883    
  -1.92951918       2.37676978      -2.40365171    
  0.940924108      -1.97130227     -0.994635761    
  0.196640044      -1.90955460      0.468783677    
 -0.478384882      -2.59290314     -0.286646485    
   2.93810797      -5.87660670E-02   2.04562068    
   1.29116893      0.872113526      -1.57936931    
   1.65045071      -1.76526582       2.83171773    
  0.761644840       1.34072948      -1.05495358    
 -0.156202927       1.57299137      -1.42557144    
  -1.96311581      -1.09892344      0.143407315    
  -2.63349771       2.58997583      -1.31706142    
   2.88284349       1.87653780       2.14433765    
   6.84181647E-03  0.434880972      -1.01442325    
  -2.20454454       1.23856342       2.13958120    
   2.57441592     -0.608047187       1.20135438    
  -2.42840004      -1.81950784       1.99625063    
  -1.16267407      -1.49835646      0.664168954    
   1.59238958       2.95705462      -2.67061830    
   2.49347615       2.58211231      -1.44870770    
   2.29077268       1.28648734      0.825913429    
  -2.72576690      -1.92050958      -1.33860123    
  -1.56381452      -2.80358124       2.74486518    
  -2.10516405      -1.66074252      -1.92855620    
  -1.48040760       1.32751274      -2.65362763    
   1.68287218     -0.961468577       9.44792777E-02
   9.98283327E-02  -1.06180739      -2.58410287    
 -0.462125480       1.30403113     -0.317966789    
