  -1390.54138    
         500  -4.34559584    
        1000  -5.17687178    
        1500  -5.64175797    
        2000  -5.85056686    
        2500  -5.91360712    
        3000  -6.02392244    
        3500  -6.10271645    
        4000  -6.18151045    
        4500  -6.18545008    
        5000  -6.21302795    
        5500  -6.19726896    
        6000  -6.15787220    
        6500  -6.25242519    
        7000  -6.30364132    
        7500  -6.35485744    
        8000  -6.40213394    
        8500  -6.32333994    
        9000  -6.33515882    
        9500  -6.33121920    
       10000  -6.42577219    
       10500  -6.33909845    
       11000  -6.29182196    
       11500  -6.39031458    
       12000  -6.39425421    
       12500  -6.44941044    
       13000  -6.43759108    
       13500  -6.34697771    
       14000  -6.39031458    
       14500  -6.31546021    
       15000  -6.41001320    
       15500  -6.34697771    
       16000  -6.33515882    
       16500  -6.37061596    
       17000  -6.39819384    
       17500  -6.35091782    
       18000  -6.41395283    
       18500  -6.37061596    
       19000  -6.45728970    
       19500  -6.34303808    
       20000  -6.39425421    
 =======================================================
 n*, phi, GR1, GRL+, GRL-, p
  0.899999976      0.471238881       3.56805396      0.507222593       2.09548926       1.69050074    
 El numero  de parti­culas es         343
 El numero de parti­culas calculado es   1026.95129    
 =======================================================
 ==================================================
 La concentración reducida es   0.899999976    
 La longitud de la celda es de   7.25020981    
 Las partículas dentro de la caja son         343
 ==================================================
