   4.99999989E-03   0.00000000    
   1.49999997E-02   0.00000000    
   2.49999985E-02   0.00000000    
   3.50000001E-02   0.00000000    
   4.49999981E-02   0.00000000    
   5.49999960E-02   0.00000000    
   6.49999976E-02   0.00000000    
   7.50000030E-02   0.00000000    
   8.50000009E-02   0.00000000    
   9.49999988E-02   0.00000000    
  0.104999997       0.00000000    
  0.115000002       0.00000000    
  0.125000000       0.00000000    
  0.134999990       0.00000000    
  0.144999996       0.00000000    
  0.154999986       0.00000000    
  0.164999992       0.00000000    
  0.174999997       0.00000000    
  0.184999987       0.00000000    
  0.194999993       0.00000000    
  0.204999983       0.00000000    
  0.214999989       0.00000000    
  0.224999994       0.00000000    
  0.234999985       0.00000000    
  0.244999990       0.00000000    
  0.254999995       0.00000000    
  0.264999986       0.00000000    
  0.274999976       0.00000000    
  0.284999996       0.00000000    
  0.294999987       0.00000000    
  0.304999977       0.00000000    
  0.314999998       0.00000000    
  0.324999988       0.00000000    
  0.334999979       0.00000000    
  0.344999999       0.00000000    
  0.354999989       0.00000000    
  0.364999980       0.00000000    
  0.375000000       0.00000000    
  0.384999990       0.00000000    
  0.394999981       0.00000000    
  0.404999971       0.00000000    
  0.414999992       0.00000000    
  0.424999982       0.00000000    
  0.434999973       0.00000000    
  0.444999993       0.00000000    
  0.454999983       0.00000000    
  0.464999974       0.00000000    
  0.474999994       0.00000000    
  0.484999985       0.00000000    
  0.494999975       0.00000000    
  0.504999995       0.00000000    
  0.514999986       0.00000000    
  0.524999976       0.00000000    
  0.534999967       0.00000000    
  0.544999957       0.00000000    
  0.555000007       0.00000000    
  0.564999998       0.00000000    
  0.574999988       0.00000000    
  0.584999979       0.00000000    
  0.594999969       0.00000000    
  0.604999959       0.00000000    
  0.615000010       0.00000000    
  0.625000000       0.00000000    
  0.634999990       0.00000000    
  0.644999981       0.00000000    
  0.654999971       0.00000000    
  0.664999962       0.00000000    
  0.674999952       0.00000000    
  0.685000002       0.00000000    
  0.694999993       0.00000000    
  0.704999983       0.00000000    
  0.714999974       0.00000000    
  0.724999964       0.00000000    
  0.734999955       0.00000000    
  0.745000005       0.00000000    
  0.754999995       0.00000000    
  0.764999986       0.00000000    
  0.774999976       0.00000000    
  0.784999967       0.00000000    
  0.794999957       0.00000000    
  0.804999948       0.00000000    
  0.814999998       0.00000000    
  0.824999988       0.00000000    
  0.834999979       0.00000000    
  0.844999969       0.00000000    
  0.854999959       0.00000000    
  0.864999950       0.00000000    
  0.875000000       0.00000000    
  0.884999990       0.00000000    
  0.894999981       0.00000000    
  0.904999971       0.00000000    
  0.914999962       0.00000000    
  0.924999952       0.00000000    
  0.935000002       0.00000000    
  0.944999993       0.00000000    
  0.954999983       0.00000000    
  0.964999974       0.00000000    
  0.974999964       0.00000000    
  0.984999955       0.00000000    
  0.994999945       0.00000000    
   1.00500000       0.00000000    
   1.01499999       0.00000000    
   1.02499998       0.00000000    
   1.03499997       0.00000000    
   1.04499996       0.00000000    
   1.05499995       0.00000000    
   1.06499994       0.00000000    
   1.07499993       0.00000000    
   1.08499992       0.00000000    
   1.09500003       0.00000000    
   1.10500002       0.00000000    
   1.11500001       0.00000000    
   1.12500000       0.00000000    
   1.13499999       0.00000000    
   1.14499998       0.00000000    
   1.15499997       0.00000000    
   1.16499996       0.00000000    
   1.17499995       0.00000000    
   1.18499994       0.00000000    
   1.19499993       0.00000000    
   1.20499992       0.00000000    
   1.21499991       0.00000000    
   1.22500002       0.00000000    
   1.23500001       0.00000000    
   1.24500000       0.00000000    
   1.25500000       0.00000000    
   1.26499999       0.00000000    
   1.27499998       0.00000000    
   1.28499997       0.00000000    
   1.29499996       0.00000000    
   1.30499995       0.00000000    
   1.31499994       0.00000000    
   1.32499993       0.00000000    
   1.33499992       0.00000000    
   1.34499991       0.00000000    
   1.35500002       0.00000000    
   1.36500001       0.00000000    
   1.37500000       0.00000000    
   1.38499999       0.00000000    
   1.39499998       0.00000000    
   1.40499997       0.00000000    
   1.41499996       0.00000000    
   1.42499995       0.00000000    
   1.43499994       0.00000000    
   1.44499993       0.00000000    
   1.45499992       0.00000000    
   1.46499991       0.00000000    
   1.47499990       0.00000000    
   1.48500001       0.00000000    
   1.49500000       0.00000000    
   1.50500000       0.00000000    
   1.51499999       0.00000000    
   1.52499998       0.00000000    
   1.53499997       0.00000000    
   1.54499996       0.00000000    
   1.55499995       0.00000000    
   1.56499994       0.00000000    
   1.57499993       0.00000000    
   1.58499992       0.00000000    
   1.59499991       0.00000000    
   1.60499990       0.00000000    
   1.61500001       0.00000000    
   1.62500000       0.00000000    
   1.63499999       0.00000000    
   1.64499998       0.00000000    
   1.65499997       0.00000000    
   1.66499996       0.00000000    
   1.67499995       0.00000000    
   1.68499994       0.00000000    
   1.69499993       0.00000000    
   1.70499992       0.00000000    
   1.71499991       0.00000000    
   1.72499990       0.00000000    
   1.73500001       0.00000000    
   1.74500000       0.00000000    
   1.75500000       0.00000000    
   1.76499999       0.00000000    
   1.77499998       0.00000000    
   1.78499997       0.00000000    
   1.79499996       0.00000000    
   1.80499995       0.00000000    
   1.81499994       0.00000000    
   1.82499993       0.00000000    
   1.83499992       0.00000000    
   1.84499991       0.00000000    
   1.85499990       0.00000000    
   1.86500001       0.00000000    
   1.87500000       0.00000000    
   1.88499999       0.00000000    
   1.89499998       0.00000000    
   1.90499997       0.00000000    
   1.91499996       0.00000000    
   1.92499995       0.00000000    
   1.93499994       0.00000000    
   1.94499993       0.00000000    
   1.95499992       0.00000000    
   1.96499991       0.00000000    
   1.97499990       0.00000000    
   1.98499990       0.00000000    
   1.99500000       0.00000000    
   2.00500011       0.00000000    
   2.01500010       0.00000000    
   2.02500010       0.00000000    
   2.03500009       0.00000000    
   2.04500008       0.00000000    
   2.05500007       0.00000000    
   2.06500006       0.00000000    
   2.07500005       0.00000000    
   2.08500004       0.00000000    
   2.09500003       0.00000000    
   2.10500002       0.00000000    
   2.11500001       0.00000000    
   2.12500000       0.00000000    
   2.13499999       0.00000000    
   2.14499998       0.00000000    
   2.15499997       0.00000000    
   2.16499996       0.00000000    
   2.17499995       0.00000000    
   2.18500018       0.00000000    
   2.19500017       0.00000000    
   2.20500016       0.00000000    
   2.21500015       0.00000000    
   2.22500014       0.00000000    
   2.23500013       0.00000000    
   2.24500012       0.00000000    
   2.25500011       0.00000000    
   2.26500010       0.00000000    
   2.27500010       0.00000000    
   2.28500009       0.00000000    
   2.29500008       0.00000000    
   2.30500007       0.00000000    
   2.31500006       0.00000000    
   2.32500005       0.00000000    
   2.33500004       0.00000000    
   2.34500003       0.00000000    
   2.35500002       0.00000000    
   2.36500001       0.00000000    
   2.37500000       0.00000000    
   2.38499999       0.00000000    
   2.39499998       0.00000000    
   2.40499997       0.00000000    
   2.41499996       0.00000000    
   2.42499995       0.00000000    
   2.43499994       0.00000000    
   2.44500017       0.00000000    
   2.45500016       0.00000000    
   2.46500015       0.00000000    
   2.47500014       0.00000000    
   2.48500013       0.00000000    
   2.49500012       0.00000000    
   2.50500011       0.00000000    
   2.51500010       0.00000000    
   2.52500010       0.00000000    
   2.53500009       0.00000000    
   2.54500008       0.00000000    
   2.55500007       0.00000000    
   2.56500006       0.00000000    
   2.57500005       0.00000000    
   2.58500004       0.00000000    
   2.59500003       0.00000000    
   2.60500002       0.00000000    
   2.61500001       0.00000000    
   2.62500000       0.00000000    
   2.63499999       0.00000000    
   2.64499998       0.00000000    
   2.65499997       0.00000000    
   2.66499996       0.00000000    
   2.67499995       0.00000000    
   2.68499994       0.00000000    
   2.69500017       0.00000000    
   2.70500016       0.00000000    
   2.71500015       0.00000000    
   2.72500014       0.00000000    
   2.73500013       0.00000000    
   2.74500012       0.00000000    
   2.75500011       0.00000000    
   2.76500010       0.00000000    
   2.77500010       0.00000000    
   2.78500009       0.00000000    
   2.79500008       0.00000000    
   2.80500007       0.00000000    
   2.81500006       0.00000000    
   2.82500005       0.00000000    
   2.83500004       0.00000000    
   2.84500003       0.00000000    
   2.85500002       0.00000000    
   2.86500001       0.00000000    
   2.87500000       0.00000000    
   2.88499999       0.00000000    
   2.89499998       0.00000000    
   2.90499997       0.00000000    
   2.91499996       0.00000000    
   2.92499995       0.00000000    
   2.93499994       0.00000000    
   2.94499993       0.00000000    
   2.95500016       0.00000000    
   2.96500015       0.00000000    
   2.97500014       0.00000000    
   2.98500013       0.00000000    
   2.99500012       0.00000000    
   3.00500011       0.00000000    
   3.01500010       0.00000000    
   3.02500010       0.00000000    
   3.03500009       0.00000000    
   3.04500008       0.00000000    
   3.05500007       0.00000000    
   3.06500006       0.00000000    
   3.07500005       0.00000000    
   3.08500004       0.00000000    
   3.09500003       0.00000000    
   3.10500002       0.00000000    
   3.11500001       0.00000000    
   3.12500000       0.00000000    
   3.13499999       0.00000000    
   3.14499998       0.00000000    
   3.15499997       0.00000000    
   3.16499996       0.00000000    
   3.17499995       0.00000000    
   3.18499994       0.00000000    
   3.19499993       0.00000000    
   3.20499992       0.00000000    
   3.21500015       0.00000000    
   3.22500014       0.00000000    
   3.23500013       0.00000000    
   3.24500012       0.00000000    
   3.25500011       0.00000000    
   3.26500010       0.00000000    
   3.27500010       0.00000000    
   3.28500009       0.00000000    
   3.29500008       0.00000000    
   3.30500007       0.00000000    
   3.31500006       0.00000000    
   3.32500005       0.00000000    
   3.33500004       0.00000000    
   3.34500003       0.00000000    
   3.35500002       0.00000000    
   3.36500001       0.00000000    
   3.37500000       0.00000000    
   3.38499999       0.00000000    
   3.39499998       0.00000000    
   3.40499997       0.00000000    
   3.41499996       0.00000000    
   3.42499995       0.00000000    
   3.43499994       0.00000000    
   3.44499993       0.00000000    
   3.45499992       0.00000000    
   3.46500015       0.00000000    
   3.47500014       0.00000000    
   3.48500013       0.00000000    
   3.49500012       0.00000000    
   3.50500011       0.00000000    
   3.51500010       0.00000000    
   3.52500010       0.00000000    
   3.53500009       0.00000000    
   3.54500008       0.00000000    
   3.55500007       0.00000000    
   3.56500006       0.00000000    
   3.57500005       0.00000000    
   3.58500004       0.00000000    
   3.59500003       0.00000000    
   3.60500002       0.00000000    
   3.61500001       0.00000000    
   3.62500000       0.00000000    
   3.63499999       0.00000000    
   3.64499998       0.00000000    
   3.65499997       0.00000000    
   3.66499996       0.00000000    
   3.67499995       0.00000000    
   3.68499994       0.00000000    
   3.69499993       0.00000000    
   3.70499992       0.00000000    
   3.71499991       0.00000000    
   3.72500014       0.00000000    
   3.73500013       0.00000000    
   3.74500012       0.00000000    
   3.75500011       0.00000000    
   3.76500010       0.00000000    
   3.77500010       0.00000000    
   3.78500009       0.00000000    
   3.79500008       0.00000000    
   3.80500007       0.00000000    
   3.81500006       0.00000000    
   3.82500005       0.00000000    
   3.83500004       0.00000000    
   3.84500003       0.00000000    
   3.85500002       0.00000000    
   3.86500001       0.00000000    
   3.87500000       0.00000000    
   3.88499999       0.00000000    
   3.89499998       0.00000000    
   3.90499997       0.00000000    
   3.91499996       0.00000000    
   3.92499995       0.00000000    
   3.93499994       0.00000000    
   3.94499993       0.00000000    
   3.95499992       0.00000000    
   3.96499991       0.00000000    
   3.97500014       0.00000000    
   3.98500013       0.00000000    
   3.99500012       0.00000000    
   4.00500011       0.00000000    
   4.01499987       0.00000000    
   4.02500010       0.00000000    
   4.03499985       0.00000000    
   4.04500008       0.00000000    
   4.05499983       0.00000000    
   4.06500006       0.00000000    
   4.07499981       0.00000000    
   4.08500004       0.00000000    
   4.09499979       0.00000000    
   4.10500002       0.00000000    
   4.11500025       0.00000000    
   4.12500000       0.00000000    
   4.13500023       0.00000000    
   4.14499998       0.00000000    
   4.15500021       0.00000000    
   4.16499996       0.00000000    
   4.17500019       0.00000000    
   4.18499994       0.00000000    
   4.19500017       0.00000000    
   4.20499992       0.00000000    
   4.21500015       0.00000000    
   4.22499990       0.00000000    
   4.23500013       0.00000000    
   4.24499989       0.00000000    
   4.25500011       0.00000000    
   4.26499987       0.00000000    
   4.27500010       0.00000000    
   4.28499985       0.00000000    
   4.29500008       0.00000000    
   4.30499983       0.00000000    
   4.31500006       0.00000000    
   4.32499981       0.00000000    
   4.33500004       0.00000000    
   4.34499979       0.00000000    
   4.35500002       0.00000000    
   4.36500025       0.00000000    
   4.37500000       0.00000000    
   4.38500023       0.00000000    
   4.39499998       0.00000000    
   4.40500021       0.00000000    
   4.41499996       0.00000000    
   4.42500019       0.00000000    
   4.43499994       0.00000000    
   4.44500017       0.00000000    
   4.45499992       0.00000000    
   4.46500015       0.00000000    
   4.47499990       0.00000000    
   4.48500013       0.00000000    
   4.49499989       0.00000000    
   4.50500011       0.00000000    
   4.51499987       0.00000000    
   4.52500010       0.00000000    
   4.53499985       0.00000000    
   4.54500008       0.00000000    
   4.55499983       0.00000000    
   4.56500006       0.00000000    
   4.57499981       0.00000000    
   4.58500004       0.00000000    
   4.59499979       0.00000000    
   4.60500002       0.00000000    
   4.61500025       0.00000000    
   4.62500000       0.00000000    
   4.63500023       0.00000000    
   4.64499998       0.00000000    
   4.65500021       0.00000000    
   4.66499996       0.00000000    
   4.67500019       0.00000000    
   4.68499994       0.00000000    
   4.69500017       0.00000000    
   4.70499992       0.00000000    
   4.71500015       0.00000000    
   4.72499990       0.00000000    
   4.73500013       0.00000000    
   4.74499989       0.00000000    
   4.75500011       0.00000000    
   4.76499987       0.00000000    
   4.77500010       0.00000000    
   4.78499985       0.00000000    
   4.79500008       0.00000000    
   4.80499983       0.00000000    
   4.81500006       0.00000000    
   4.82499981       0.00000000    
   4.83500004       0.00000000    
   4.84499979       0.00000000    
   4.85500002       0.00000000    
   4.86499977       0.00000000    
   4.87500000       0.00000000    
   4.88500023       0.00000000    
   4.89499998       0.00000000    
   4.90500021       0.00000000    
   4.91499996       0.00000000    
   4.92500019       0.00000000    
   4.93499994       0.00000000    
   4.94500017       0.00000000    
   4.95499992       0.00000000    
   4.96500015       0.00000000    
   4.97499990       0.00000000    
   4.98500013       0.00000000    
   4.99499989       0.00000000    
   5.00500011       0.00000000    
   5.01499987       0.00000000    
   5.02500010       0.00000000    
   5.03499985       0.00000000    
   5.04500008       0.00000000    
   5.05499983       0.00000000    
   5.06500006       0.00000000    
   5.07499981       0.00000000    
   5.08500004       0.00000000    
   5.09499979       0.00000000    
   5.10500002       0.00000000    
   5.11499977       0.00000000    
   5.12500000       0.00000000    
   5.13500023       0.00000000    
   5.14499998       0.00000000    
   5.15500021       0.00000000    
   5.16499996       0.00000000    
   5.17500019       0.00000000    
   5.18499994       0.00000000    
   5.19500017       0.00000000    
   5.20499992       0.00000000    
   5.21500015       0.00000000    
   5.22499990       0.00000000    
   5.23500013       0.00000000    
   5.24499989       0.00000000    
   5.25500011       0.00000000    
   5.26499987       0.00000000    
   5.27500010       0.00000000    
   5.28499985       0.00000000    
   5.29500008       0.00000000    
   5.30499983       0.00000000    
   5.31500006       0.00000000    
   5.32499981       0.00000000    
   5.33500004       0.00000000    
   5.34499979       0.00000000    
   5.35500002       0.00000000    
   5.36499977       0.00000000    
   5.37500000       0.00000000    
   5.38500023       0.00000000    
   5.39499998       0.00000000    
   5.40500021       0.00000000    
   5.41499996       0.00000000    
   5.42500019       0.00000000    
   5.43499994       0.00000000    
   5.44500017       0.00000000    
   5.45499992       0.00000000    
   5.46500015       0.00000000    
   5.47499990       0.00000000    
   5.48500013       0.00000000    
   5.49499989       0.00000000    
   5.50500011       0.00000000    
   5.51499987       0.00000000    
   5.52500010       0.00000000    
   5.53499985       0.00000000    
   5.54500008       0.00000000    
   5.55499983       0.00000000    
   5.56500006       0.00000000    
   5.57499981       0.00000000    
   5.58500004       0.00000000    
   5.59499979       0.00000000    
   5.60500002       0.00000000    
   5.61499977       0.00000000    
   5.62500000       0.00000000    
   5.63499975       0.00000000    
   5.64499998       0.00000000    
   5.65500021       0.00000000    
   5.66499996       0.00000000    
   5.67500019       0.00000000    
   5.68499994       0.00000000    
   5.69500017       0.00000000    
   5.70499992       0.00000000    
   5.71500015       0.00000000    
   5.72499990       0.00000000    
   5.73500013       0.00000000    
   5.74499989       0.00000000    
   5.75500011       0.00000000    
   5.76499987       0.00000000    
   5.77500010       0.00000000    
   5.78499985       0.00000000    
   5.79500008       0.00000000    
   5.80499983       0.00000000    
   5.81500006       0.00000000    
   5.82499981       0.00000000    
   5.83500004       0.00000000    
   5.84499979       0.00000000    
   5.85500002       0.00000000    
   5.86499977       0.00000000    
   5.87500000       0.00000000    
   5.88499975       0.00000000    
   5.89499998       0.00000000    
   5.90500021       0.00000000    
   5.91499996       0.00000000    
   5.92500019       0.00000000    
   5.93499994       0.00000000    
   5.94500017       0.00000000    
   5.95499992       0.00000000    
   5.96500015       0.00000000    
   5.97499990       0.00000000    
   5.98500013       0.00000000    
   5.99499989       0.00000000    
   6.00500011       0.00000000    
   6.01499987       0.00000000    
   6.02500010       0.00000000    
   6.03499985       0.00000000    
   6.04500008       0.00000000    
   6.05499983       0.00000000    
   6.06500006       0.00000000    
   6.07499981       0.00000000    
   6.08500004       0.00000000    
   6.09499979       0.00000000    
   6.10500002       0.00000000    
   6.11499977       0.00000000    
   6.12500000       0.00000000    
   6.13499975       0.00000000    
   6.14499998       0.00000000    
   6.15500021       0.00000000    
   6.16499996       0.00000000    
   6.17500019       0.00000000    
   6.18499994       0.00000000    
   6.19500017       0.00000000    
   6.20499992       0.00000000    
   6.21500015       0.00000000    
   6.22499990       0.00000000    
   6.23500013       0.00000000    
   6.24499989       0.00000000    
   6.25500011       0.00000000    
   6.26499987       0.00000000    
   6.27500010       0.00000000    
   6.28499985       0.00000000    
   6.29500008       0.00000000    
   6.30499983       0.00000000    
   6.31500006       0.00000000    
   6.32499981       0.00000000    
   6.33500004       0.00000000    
   6.34499979       0.00000000    
   6.35500002       0.00000000    
   6.36499977       0.00000000    
   6.37500000       0.00000000    
   6.38499975       0.00000000    
   6.39499998       0.00000000    
   6.40499973       0.00000000    
   6.41499996       0.00000000    
   6.42500019       0.00000000    
   6.43499994       0.00000000    
   6.44500017       0.00000000    
   6.45499992       0.00000000    
   6.46500015       0.00000000    
   6.47499990       0.00000000    
   6.48500013       0.00000000    
   6.49499989       0.00000000    
   6.50500011       0.00000000    
   6.51499987       0.00000000    
   6.52500010       0.00000000    
   6.53499985       0.00000000    
   6.54500008       0.00000000    
   6.55499983       0.00000000    
   6.56500006       0.00000000    
   6.57499981       0.00000000    
   6.58500004       0.00000000    
   6.59499979       0.00000000    
   6.60500002       0.00000000    
   6.61499977       0.00000000    
   6.62500000       0.00000000    
   6.63499975       0.00000000    
   6.64499998       0.00000000    
   6.65499973       0.00000000    
   6.66499996       0.00000000    
   6.67500019       0.00000000    
   6.68499994       0.00000000    
   6.69500017       0.00000000    
   6.70499992       0.00000000    
   6.71500015       0.00000000    
   6.72499990       0.00000000    
   6.73500013       0.00000000    
   6.74499989       0.00000000    
   6.75500011       0.00000000    
   6.76499987       0.00000000    
   6.77500010       0.00000000    
   6.78499985       0.00000000    
   6.79500008       0.00000000    
   6.80499983       0.00000000    
   6.81500006       0.00000000    
   6.82499981       0.00000000    
   6.83500004       0.00000000    
   6.84499979       0.00000000    
   6.85500002       0.00000000    
   6.86499977       0.00000000    
   6.87500000       0.00000000    
   6.88499975       0.00000000    
   6.89499998       0.00000000    
   6.90499973       0.00000000    
   6.91499996       0.00000000    
   6.92500019       0.00000000    
   6.93499994       2.81275734E-02
   6.94500017       0.00000000    
   6.95499992       0.00000000    
   6.96500015       0.00000000    
   6.97499990       0.00000000    
   6.98500013       0.00000000    
   6.99499989       0.00000000    
   7.00500011       0.00000000    
   7.01499987       0.00000000    
   7.02500010       2.74117161E-02
   7.03499985       2.73336526E-02
   7.04500008       0.00000000    
   7.05499983       0.00000000    
   7.06500006       2.71019414E-02
   7.07499981       0.00000000    
   7.08500004       0.00000000    
   7.09499979       0.00000000    
   7.10500002       0.00000000    
   7.11499977       0.00000000    
   7.12500000       0.00000000    
   7.13499975       0.00000000    
   7.14499998       2.64988244E-02
   7.15499973       5.28491251E-02
   7.16499996       0.00000000    
   7.17500019       2.62776539E-02
   7.18499994       0.00000000    
   7.19500017       0.00000000    
   7.20499992       0.00000000    
   7.21500015       5.19736968E-02
   7.22499990       0.00000000    
   7.23500013       0.00000000    
   7.24499989       0.00000000    
   7.25500011       2.57009529E-02
   7.26499987       0.00000000    
   7.27500010       0.00000000    
   7.28499985       5.09802699E-02
   7.29500008       0.00000000    
   7.30499983       0.00000000    
   7.31500006       5.05622812E-02
   7.32499981       0.00000000    
   7.33500004       2.51435991E-02
   7.34499979       5.01501225E-02
   7.35500002       0.00000000    
   7.36499977       2.49394029E-02
   7.37500000       4.97430637E-02
   7.38499975       0.00000000    
   7.39499998       2.47370563E-02
   7.40499973       2.46706158E-02
   7.41499996       4.92082052E-02
   7.42499971       7.36126378E-02
   7.43499994       4.89440188E-02
   7.44500017       0.00000000    
   7.45499992       4.86811511E-02
   7.46500015       2.42755711E-02
   7.47499990       2.42104959E-02
   7.48500013       0.00000000    
   7.49499989       0.00000000    
   7.50500011       2.40174495E-02
   7.51499987       2.39535905E-02
   7.52500010       0.00000000    
   7.53499985       2.38263719E-02
   7.54500008       2.37636082E-02
   7.55499983       4.74011451E-02
   7.56500006       7.09137544E-02
   7.57499981       2.35755760E-02
   7.58500004       0.00000000    
   7.59499979       4.69032265E-02
   7.60500002       4.67803143E-02
   7.61499977       4.66569923E-02
   7.62500000       4.65345904E-02
   7.63499975       9.28258076E-02
   7.64499998       2.31458209E-02
   7.65499973       2.30852962E-02
   7.66499996      0.115125723    
   7.67499971       0.00000000    
   7.68499994       2.29054857E-02
   7.69500017       4.56920713E-02
   7.70499992       4.55733314E-02
   7.71500015       9.09106806E-02
   7.72499990       0.00000000    
   7.73500013       2.26102676E-02
   7.74499989       4.51040156E-02
   7.75500011       4.49880771E-02
   7.76499987       6.73074648E-02
   7.77500010      0.111892141    
   7.78499985       8.92837122E-02
   7.79500008      0.111318246    
   7.80499983       4.44135554E-02
   7.81500006      0.110749520    
   7.82499981       6.62796199E-02
   7.83500004       8.81480947E-02
   7.84499979      0.153865516    
   7.85500002       6.57745376E-02
   7.86499977      0.109344944    
   7.87500000      0.109067842    
   7.88499975       6.52751103E-02
   7.89499998      0.173624292    
   7.90499973      0.108242042    
   7.91499996      0.107968949    
   7.92499971      0.150775120    
   7.93499994      0.107424833    
   7.94500017       8.57235119E-02
   7.95499992      0.128262669    
   7.96500015      0.127940178    
   7.97499990      0.106350325    
   7.98500013       6.36497512E-02
   7.99499989       6.34910241E-02
   8.00500011       8.44442397E-02
   8.01500034      0.126350820    
   8.02499962      0.189053655    
   8.03499985      0.209536135    
   8.04500008      0.167211920    
   8.05500031      0.250195801    
   8.06499958      0.166385025    
   8.07499981      0.124478340    
   8.08500004      0.165561005    
   8.09500027      0.206437483    
   8.10499954      0.164743349    
   8.11499977      0.164337158    
   8.12500000      0.184428751    
   8.13500023      0.163532197    
   8.14499950      0.305866539    
   8.15499973      0.203416273    
   8.16499996      0.162334785    
   8.17500019      0.263143808    
   8.18499947      0.161542267    
   8.19499969      0.181287766    
   8.20499992      0.221033365    
   8.21500015      0.160363287    
   8.22500038      0.239956051    
   8.23499966      0.299218237    
   8.24499989      0.318395346    
   8.25500011      0.178665951    
   8.26500034      0.257445961    
   8.27499962      0.197555289    
   8.28499985      0.177372456    
   8.29500008      0.176944032    
   8.30500031      0.294200420    
   8.31499958      0.195661321    
   8.32499981      0.136633620    
   8.33500004      0.214193642    
   8.34500027      0.135977626    
   8.35499954      0.232550770    
   8.36499977      0.135330588    
   8.37500000      0.270017624    
   8.38500023      0.230889902    
   8.39499950      0.268729240    
   8.40499973      0.382983148    
   8.41499996      0.191039041    
   8.42500019      0.285880327    
   8.43499947      0.342240959    
   8.44499969      0.455241680    
   8.45499992      0.321701527    
   8.46500015      0.151028380    
   8.47500038      0.282514691    
   8.48499966      0.432163119    
   8.49499989      0.374913692    
   8.50500011      0.392733395    
   8.51500034      0.242547184    
   8.52499962      0.558426678    
   8.53499985      0.464255303    
   8.54500008      0.296429634    
   8.55500031      0.369673431    
   8.56499958      0.387250453    
   8.57499981      0.478330016    
   8.58500004      0.458873898    
   8.59500027      0.329615384    
   8.60499954      0.493281007    
   8.61499977      0.437449604    
   8.62500000      0.454624623    
   8.63500023      0.417288214    
   8.64499950      0.343915582    
   8.65499973      0.451476991    
   8.66499996      0.450438708    
   8.67500019      0.449394673    
   8.68499947      0.430429429    
   8.69499969      0.518910050    
   8.70499992      0.482010901    
   8.71500015      0.659007967    
   8.72500038      0.462027341    
   8.73499966      0.425515145    
   8.74499989      0.389162630    
   8.75500011      0.564760625    
   8.76500034      0.563472748    
   8.77499962      0.509478807    
   8.78499985      0.736197233    
   8.79500008      0.577125072    
   8.80500031      0.558372676    
   8.81499958      0.609326065    
   8.82499981      0.573202550    
   8.83500004      0.519922018    
   8.84500027      0.501448572    
   8.85499954      0.621095777    
   8.86499977      0.722969770    
   8.87500000      0.618288994    
   8.88500023      0.548354685    
   8.89499950      0.495826602    
   8.90499973      0.648244619    
   8.91499996      0.425526440    
   8.92500019      0.526474178    
   8.93499947      0.525286734    
   8.94499969      0.760807216    
   8.95499992      0.607300937    
   8.96500015      0.706937432    
   8.97500038      0.856493890    
   8.98499966      0.603248894    
   8.99499989      0.668783724    
   9.00500011      0.867495239    
   9.01500034      0.815632045    
   9.02499962      0.697559893    
   9.03499985      0.762309492    
   9.04500008      0.727557361    
   9.05500031      0.610461056    
   9.06499958      0.724341452    
   9.07499981      0.689900041    
   9.08500004      0.803105175    
   9.09500027      0.703216612    
   9.10499954      0.636409760    
   9.11499977      0.797838330    
   9.12500000      0.844823778    
   9.13500023      0.632237732    
   9.14499950       1.00288320    
   9.15499973      0.774734378    
   9.16499996      0.837470412    
   9.17500019      0.835633993    
   9.18499947      0.721583366    
   9.19499969      0.928018808    
   9.20499992      0.878095031    
   9.21500015      0.860259116    
   9.22500038      0.747132719    
   9.23499966       1.22135818    
   9.24499989      0.807206035    
   9.25500011      0.884432256    
   9.26500034      0.914046109    
   9.27499962      0.927785516    
   9.28499985      0.894416273    
   9.29500008      0.861174047    
   9.30500031       1.20306110    
   9.31499958      0.873070538    
   9.32499981       1.01122272    
   9.33500004      0.962488353    
   9.34500027       1.13082695    
   9.35499954      0.973828614    
   9.36499977       1.20311570    
   9.37500000      0.985066652    
   9.38500023      0.875460565    
   9.39499950       1.10347641    
   9.40499973       1.03995502    
   9.41499996       1.06827950    
   9.42500019       1.03555703    
   9.43499947       1.09413838    
   9.44499969       1.04634285    
   9.45499992       1.08951354    
   9.46500015       1.16272497    
   9.47499943      0.949320376    
   9.48499966       1.14279103    
   9.49499989       1.11037540    
   9.50500011       1.03318226    
   9.51500034       1.18043077    
   9.52499962       1.22266507    
   9.53499985       1.07131302    
   9.54500008       1.29179072    
   9.55500031      0.963108480    
   9.56499958       1.27161860    
   9.57499981       1.10665202    
   9.58500004       1.38411343    
   9.59500027       1.14613569    
   9.60499954       1.26104164    
   9.61499977       1.27305806    
   9.62500000       1.28501010    
   9.63500023       1.09291720    
   9.64499950       1.19244242    
   9.65499973       1.33509409    
   9.66499996       1.10062337    
   9.67500019       1.09835160    
   9.68499947       1.24030256    
   9.69499969       1.35287011    
   9.70499992       1.19211733    
   9.71500015       1.33297801    
   9.72499943       1.50189638    
   9.73499966       1.52734578    
   9.74499989       1.21083045    
   9.75500011       1.27943206    
   9.76500034       1.31937563    
   9.77499962       1.13261735    
   9.78499985       1.45527387    
   9.79500008       1.05749190    
   9.80500031       1.61821079    
   9.81499958       1.34809661    
   9.82499981       1.16316593    
   9.83500004       1.60832143    
   9.84500027       1.29800689    
   9.85499954       1.37896049    
   9.86499977       1.27885997    
   9.87500000       1.37337828    
   9.88500023       1.43982649    
   9.89499950       1.22966349    
   9.90499973       1.53051937    
   9.91499996       1.49991453    
   9.92500019       1.42824638    
   9.93499947       1.56241441    
   9.94499969       1.14893711    
   9.95499992       1.32407761    
   9.96500015       1.17158532    
   9.97499943       1.53632390    
   9.98499966       1.18046010    
   9.99499989       1.40830207    
   10.0050001       1.37846780    
   10.0150003       1.47011936    
   10.0249996       1.68257213    
   10.0349998       1.50457537    
   10.0450001       1.75629592    
   10.0550003       1.47182930    
   10.0649996       1.64248610    
   10.0749998       1.50596225    
   10.0850000       1.60939169    
   10.0950003       1.46017098    
   10.1049995       1.33804989    
   10.1149998       1.46762812    
   10.1250000       1.39874160    
   10.1350002       1.65941584    
   10.1449995       1.69558108    
   10.1549997       1.49543178    
   10.1650000       1.53178406    
   10.1750002       1.42425811    
   10.1849995       1.53882408    
   10.1949997       1.71804750    
   10.2049999       1.59774268    
   10.2150002       1.47792041    
   10.2249994       1.69502521    
   10.2349997       1.78212750    
   10.2449999       1.53373778    
   10.2550001       1.42783785    
   10.2650003       1.56630218    
   10.2749996       1.71697724    
   10.2849998       1.61135733    
   10.2950001       1.44229841    
   10.3050003       1.61782086    
   10.3149996       1.66559196    
   10.3249998       1.71312618    
   10.3350000       1.64647198    
   10.3450003       1.87079442    
   10.3549995       1.70317125    
   10.3649998       1.62436008    
   10.3750000       1.44524825    
   10.3850002       1.58046436    
   10.3949995       1.61497855    
   10.4049997       1.38699305    
   10.4150000       1.47161674    
   10.4250002       1.69284606    
   10.4349995       1.62746596    
   10.4449997       1.27718747    
   10.4549999       1.62127268    
   10.4650002       1.40814805    
   10.4749994       1.49177313    
   10.4849997       1.90732694    
   10.4949999       1.59663832    
   10.5050001       1.40974760    
   10.5150003       1.54160738    
   10.5249996       1.46542239    
   10.5349998       1.81615353    
   10.5450001       1.61802185    
   10.5550003       1.46926129    
   10.5649996       1.56341350    
   10.5749998       1.57256174    
   10.5850000       1.48508239    
   10.5950003       1.56664801    
   10.6049995       1.67192972    
   10.6149998       1.64479578    
   10.6250000       1.82142532    
   10.6350002       1.31565380    
   10.6449995       1.62360299    
   10.6549997       1.98991477    
   10.6650000       1.52234149    
   10.6750002       1.69757903    
   10.6849995       1.57592440    
   10.6949997       1.53746605    
   10.7049999       1.61722767    
   10.7150002       1.56711650    
   10.7249994       1.69354427    
   10.7349997       1.60822368    
   10.7449999       1.85128081    
   10.7550001       1.84782147    
   10.7650003       1.57593656    
   10.7749996       1.91090775    
   10.7849998       1.37235022    
   10.7950001       1.54396760    
   10.8050003       1.93505597    
   10.8149996       1.52668083    
   10.8249998       1.76629210    
   10.8350000       1.63629091    
   10.8450003       1.63324559    
   10.8549995       1.57283843    
   10.8649998       1.81060505    
   10.8750000       1.65861249    
   10.8850002       1.46142054    
   10.8949995       1.57274926    
   10.9049997       1.56982362    
   10.9150000       1.53292811    
   10.9250002       1.54143167    
   10.9349995       1.65177155    
   10.9449997       1.67134058    
   10.9549999       1.72464192    
   10.9650002       1.53020477    
   10.9749994       1.63971686    
   10.9849997       1.37891889    
   10.9949999       1.57781732    
   11.0050001       1.65312254    
   11.0150003       1.38257217    
   11.0249996       1.33550763    
   11.0349998       1.63304317    
   11.0450001       1.43050623    
   11.0550003       1.39470088    
   11.0649996       1.77891362    
   11.0749998       1.63229764    
   11.0850000       1.76146376    
   11.0950003       1.52754021    
   11.1049995       1.57964849    
   11.1149998       1.70818985    
   11.1250000       1.57392287    
   11.1350002       1.60383081    
   11.1449995       1.42674243    
   11.1549997       1.58723950    
   11.1650000       1.45414758    
   11.1750002       1.26741004    
   11.1849995       1.64362776    
   11.1949997       1.73780060    
   11.2049999       1.41148126    
   11.2150002       1.60258818    
   11.2249994       1.49235356    
   11.2349997       1.58614421    
   11.2449999       1.77589488    
   11.2550001       1.31355214    
   11.2649994       1.44979358    
   11.2749996       1.54300034    
   11.2849998       1.33841968    
   11.2950001       1.37846732    
   11.3050003       1.51366138    
   11.3149996       1.87019420    
   11.3249998       1.70872653    
   11.3350000       1.78991807    
   11.3450003       1.56605887    
   11.3549995       1.62625480    
   11.3649998       1.55007374    
   11.3750000       1.41142344    
   11.3850002       1.70115495    
   11.3949995       1.70862377    
   11.4049997       1.84081507    
   11.4150000       1.68185318    
   11.4250002       1.39908934    
   11.4349995       1.31388199    
   11.4449997       1.51815271    
   11.4549999       1.56703317    
   11.4650002       1.38934469    
   11.4749994       1.55131304    
   11.4849997       1.49732339    
   11.4949999       1.59710968    
   11.5050001       1.89070404    
   11.5149994       1.60176992    
   11.5249996       1.37492764    
   11.5349998       1.63686919    
   11.5450001       1.63405323    
   11.5550003       1.48938680    
   11.5649996       1.50703347    
   11.5749998       1.59529400    
   11.5850000       1.77395666    
   11.5950003       1.73068821    
   11.6049995       1.62723851    
   11.6149998       1.75478351    
   11.6250000       1.57158053    
   11.6350002       1.57887721    
   11.6449995       1.56619692    
   11.6549997       1.76271343    
   11.6650000       1.62050188    
   11.6750002       1.73683584    
   11.6849995       1.53568339    
   11.6949997       1.34513927    
   11.7049999       1.30333161    
   11.7150002       1.21240211    
   11.7249994       1.72205007    
   11.7349997       1.57173753    
   11.7449999       1.29448175    
   11.7550001       1.61534572    
   11.7649994       1.41715348    
   11.7749996       1.47326970    
   11.7849998       1.57793391    
   11.7950001       1.71136355    
   11.8050003       1.37843764    
   11.8149996       1.43425870    
   11.8249998       1.43181562    
   11.8350000       1.42938495    
   11.8450003       1.32091033    
   11.8549995       1.46310067    
   11.8649998       1.47983074    
   11.8750000       1.45814455    
   11.8850002       1.56104660    
   11.8949995       1.59668112    
   11.9049997       1.50810087    
   11.9150000       1.50555599    
   11.9250002       1.46499133    
   11.9349995       1.57648158    
   11.9449997       1.53594470    
   11.9549999       1.54281175    
   11.9650002       1.54023886    
   11.9749994       1.34901917    
   11.9849997       1.42210567    
   11.9949999       1.40092170    
   12.0050001       1.75526345    
   12.0149994       1.49934769    
   12.0249996       1.60911298    
   12.0349998       1.56908071    
   12.0450001       1.46391678    
   12.0550003       1.34976029    
   12.0649996       1.44046772    
   12.0749998       1.47519505    
   12.0850000       1.48203325    
   12.0950003       1.56280231    
   12.1049995       1.44019878    
   12.1149998       1.53919899    
   12.1250000       1.38024938    
   12.1350002       1.47902751    
   12.1449995       1.52245951    
   12.1549997       1.61149251    
   12.1650000       1.41688669    
   12.1750002       1.43281221    
   12.1849995       1.39403117    
   12.1949997       1.39173746    
   12.2049999       1.19873941    
   12.2150002       1.36903238    
   12.2249994       1.46637440    
   12.2349997       1.36457014    
   12.2449999       1.34430182    
   12.2550001       1.41418052    
   12.2649994       1.21403491    
   12.2749996       1.44548655    
   12.2849998       1.42517829    
   12.2950001       1.57501864    
   12.3050003       1.24188972    
   12.3149996       1.33799601    
   12.3249998       1.47828114    
   12.3350000       1.50258958    
   12.3450003       1.25159097    
   12.3549995       1.38251948    
   12.3649998       1.45991206    
   12.3750000       1.18370080    
   12.3850002       1.25232995    
   12.3949995       1.35600090    
   12.4049997       1.21314037    
   12.4150000       1.21997643    
   12.4250002       1.38448453    
   12.4349995       1.42599845    
   12.4449997       1.42373371    
   12.4549999       1.16854918    
   12.4650002       1.25374484    
   12.4749994       1.30388415    
   12.4849997       1.31046700    
   12.4949999       1.25638723    
   12.5050001       1.44468355    
   12.5149994       1.34738410    
   12.5249996       1.35384393    
   12.5349998       1.42917812    
   12.5450001       1.31515062    
   12.5550003       1.16717792    
   12.5649996       1.39665675    
   12.5749998       1.30033553    
   12.5850000       1.24701941    
   12.5950003       1.10859144    
   12.6049995       1.41334105    
   12.6149998       1.09659839    
   12.6250000       1.18821418    
   12.6350002       1.21175003    
   12.6449995       1.35366774    
   12.6549997       1.25016832    
   12.6650000       1.06263494    
   12.6750002       1.16202128    
   12.6849995       1.17700994    
   12.6949997       1.09961987    
   12.7049999       1.25708580    
   12.7150002       1.44760418    
   12.7249994       1.21975708    
   12.7349997       1.31788325    
   12.7449999       1.23256588    
   12.7550001       1.18073201    
   12.7649994       1.27022123    
   12.7749996       1.56660628    
   12.7849998       1.22483969    
   12.7950001       1.52042425    
   12.8049994       1.18803561    
   12.8149996       1.24386442    
   12.8249998       1.33238626    
   12.8350000       1.25642788    
   12.8450003       1.16427767    
   12.8549995       1.34253943    
   12.8649998       1.33228731    
   12.8750000       1.40364861    
   12.8850002       1.37705362    
   12.8949995       1.31797802    
   12.9049997       1.27530730    
   12.9150000       1.04621708    
   12.9250002       1.31993663    
   12.9349995       1.30981648    
   12.9449997       1.21091092    
   12.9549999       1.15260184    
   12.9650002       1.13475788    
   12.9749994       1.17321122    
   12.9849997       1.19543445    
   12.9949999       1.23366213    
   13.0050001       1.22377741    
   13.0149994       1.22989357    
   13.0249996       1.30775547    
   13.0349998       1.13054311    
   13.0450001       1.04137838    
   13.0549994       1.28585732    
   13.0649996       1.16497684    
   13.0749998       1.24235451    
   13.0850000       1.09822035    
   13.0950003       1.21486580    
   13.1049995       1.17362964    
   13.1149998       1.22690737    
   13.1250000       1.19365466    
   13.1350002       1.20750582    
   13.1449995       1.09606433    
   13.1549997       1.19604182    
   13.1650000       1.32689917    
   13.1750002       1.06770563    
   13.1849995      0.996025383    
   13.1949997      0.986741185    
   13.2049999       1.12490571    
   13.2150002       1.06896996    
   13.2249994       1.27619791    
   13.2349997       1.25881255    
   13.2449999       1.13355207    
   13.2550001       1.10103881    
   13.2649994       1.13784170    
   13.2749996       1.25128210    
   13.2849998       1.03476572    
   13.2950001       1.06379402    
   13.3049994       1.07747972    
   13.3149996       1.15220642    
   13.3249998       1.18854749    
   13.3350000       1.04984534    
   13.3450003       1.01789153    
   13.3549995      0.978434741    
   13.3649998       1.10570538    
   13.3750000       1.10408175    
   13.3850002       1.21566689    
   13.3949995       1.21386766    
   13.4049997      0.956108153    
   13.4150000       1.14257503    
   13.4250002       1.16340375    
   13.4349995       1.17666924    
   13.4449997      0.942941010    
   13.4549999       1.12831986    
   13.4650002       1.07443631    
   13.4749994      0.975962102    
   13.4849997       1.10101104    
   13.4949999      0.854240477    
   13.5050001       1.03098750    
   13.5149994       1.19240165    
   13.5249996      0.998380244    
   13.5349998      0.930431366    
   13.5450001       1.06915152    
   13.5549994       1.08966696    
   13.5649996      0.838084996    
   13.5749998       1.02770793    
   13.5850000      0.982228458    
   13.5950003       1.07592034    
   13.6049995       1.13280451    
   13.6149998      0.985212028    
   13.6250000      0.932757974    
   13.6350002      0.844055474    
   13.6449995       1.01718986    
   13.6549997       1.07376921    
   13.6650000      0.912824571    
   13.6750002       1.07786274    
   13.6849995       1.05462730    
   13.6949997      0.995386124    
   13.7049999       1.05154026    
   13.7150002      0.877381027    
   13.7249994       1.00540411    
   13.7349997      0.989593029    
   13.7449999       1.09554458    
   13.7550001       1.01532090    
   13.7649994       1.07096577    
   13.7749996       1.04085302    
   13.7849998      0.946797371    
   13.7950001      0.845937550    
   13.8049994       1.02215266    
   13.8149996      0.949781179    
   13.8249998       1.06168067    
   13.8350000       1.01065826    
   13.8450003      0.945669651    
   13.8549995      0.909087777    
   13.8649998      0.964063942    
   13.8750000      0.948615611    
   13.8850002      0.849015415    
   13.8949995      0.945879817    
   13.9049997       1.07046807    
   13.9150000       1.04100418    
   13.9250002      0.934848011    
   13.9349995      0.989223182    
   13.9449997       1.00172460    
   13.9549999       1.10450697    
   13.9650002      0.978056192    
   13.9749994      0.948942780    
   13.9849997       1.00985503    
   13.9949999       1.03603292    
   14.0050001      0.862136781    
   14.0149994      0.860884488    
   14.0249996       1.05910325    
   14.0349998       1.05075336    
   14.0450001      0.898388207    
   14.0549994      0.910781443    
   14.0649996      0.786404729    
   14.0749998      0.812594533    
   14.0850000       1.02965987    
   14.0950003      0.960107028    
   14.1049995      0.897561789    
   14.1149998       1.01169443    
   14.1250000      0.983142912    
   14.1350002       1.04944968    
   14.1449995       1.00064611    
   14.1549997      0.951983094    
   14.1650000      0.984353840    
   14.1750002      0.888705611    
   14.1849995      0.820202410    
   14.1949997       1.04733348    
   14.2049999      0.750859559    
   14.2150002      0.830155253    
   14.2249994      0.956012607    
   14.2349997      0.934618771    
   14.2449999      0.879988670    
   14.2550001       1.15837705    
   14.2649994      0.983908057    
   14.2749996      0.922763824    
   14.2849998      0.987750292    
   14.2950001      0.834134996    
   14.3049994      0.852784455    
   14.3149996      0.924211681    
   14.3249998      0.863599479    
   14.3350000      0.901874840    
   14.3450003       1.07814205    
   14.3549995      0.912502587    
   14.3649998      0.976799071    
   14.3750000      0.988517463    
   14.3850002      0.941379070    
   14.3949995      0.698549092    
   14.4049997      0.906190038    
   14.4150000      0.859364092    
   14.4250002      0.955675244    
   14.4349995      0.902433693    
   14.4449997      0.965998709    
   14.4549999      0.984085262    
   14.4650002      0.969814718    
   14.4749994      0.852246463    
   14.4849997      0.863954544    
   14.4949999      0.830579758    
   14.5050001      0.816573381    
   14.5149994      0.841136217    
   14.5249996      0.891284227    
   14.5349998      0.960494101    
   14.5450001      0.863247216    
   14.5549994      0.868447185    
   14.5649996      0.918279350    
   14.5749998      0.929758608    
   14.5850000      0.845807731    
   14.5949993      0.793821096    
   14.6049995      0.894226253    
   14.6149998       1.00065279    
   14.6250000      0.917082012    
   14.6350002      0.846334457    
   14.6449995       1.00285816    
   14.6549997      0.907024384    
   14.6650000      0.805158436    
   14.6750002      0.973650038    
   14.6849995      0.972326636    
   14.6949997      0.920876384    
   14.7049999      0.907106102    
   14.7150002      0.874668479    
   14.7249994       1.00448811    
   14.7349997      0.797525883    
   14.7449999      0.846208632    
   14.7550001      0.894765556    
   14.7649994      0.837723851    
   14.7749996      0.836571276    
   14.7849998       1.01493216    
   14.7950001      0.852844656    
   14.8049994      0.894923747    
   14.8149996      0.887547135    
   14.8249998      0.837085545    
   14.8350000      0.965064466    
   14.8449993      0.945334792    
   14.8549995      0.925660610    
   14.8649998      0.795860231    
   14.8750000      0.972116470    
   14.8850002      0.934152782    
   14.8949995      0.975591660    
   14.9049997      0.773323655    
   14.9150000      0.863507450    
   14.9250002      0.856272817    
   14.9349995      0.964288771    
   14.9449997      0.902440965    
   14.9549999      0.804457307    
   14.9650002      0.948345542    
   14.9749994       1.00743663    
   14.9849997      0.957874298    
   14.9949999      0.770096481    
   15.0050001      0.757055461    
   15.0149994      0.882065475    
   15.0249996      0.940811932    
   15.0349998      0.957507670    
   15.0450001      0.860604763    
   15.0549994      0.865433693    
   15.0649996      0.870238602    
   15.0749998      0.833362997    
   15.0850000      0.879843593    
   15.0949993      0.848971605    
   15.1049995      0.812275827    
   15.1149998      0.888183057    
   15.1250000      0.934328258    
   15.1350002      0.915362358    
   15.1449995       1.01441860    
   15.1549997      0.795149922    
   15.1650000      0.894107461    
   15.1750002      0.828295887    
   15.1849995      0.932810545    
   15.1949997      0.966742992    
   15.2049999      0.784067094    
   15.2150002      0.847342908    
   15.2249994      0.857890248    
   15.2349997      0.885898054    
   15.2449999      0.919666350    
   15.2550001      0.871946931    
   15.2649994      0.934678614    
   15.2749996      0.950839162    
   15.2849998      0.874330640    
   15.2950001      0.873182833    
   15.3049994      0.860482991    
   15.3149996      0.876664102    
   15.3249998      0.817940831    
   15.3350000      0.822609842    
   15.3449993      0.729626238    
   15.3549995      0.837685525    
   15.3649998      0.744902790    
   15.3750000      0.869840980    
   15.3850002      0.811562598    
   15.3949995      0.816221893    
   15.4049997      0.792355716    
   15.4150000      0.768547773    
   15.4250002      0.801681042    
   15.4349995      0.806313097    
   15.4449997      0.816623747    
   15.4549999      0.821214795    
   15.4650002      0.814508498    
   15.4749994      0.819095016    
   15.4849997      0.818050742    
   15.4949999      0.687392414    
   15.5050001      0.748395205    
   15.5149994      0.837345719    
   15.5249996      0.847518384    
   15.5349998      0.807164013    
   15.5450001      0.750151634    
   15.5549994      0.883389533    
   15.5649996      0.792905211    
   15.5749998      0.858807087    
   15.5850000      0.852143764    
   15.5949993      0.806545019    
   15.6049995      0.872172773    
   15.6149998      0.915450096    
   15.6250000      0.842235804    
   15.6350002      0.736016393    
   15.6449995      0.878765285    
   15.6549997      0.673411608    
   15.6650000      0.887562513    
   15.6750002      0.897442043    
   15.6849995      0.780815125    
   15.6949997      0.735889137    
   15.7049999      0.893999755    
   15.7150002      0.810704827    
   15.7249994      0.776850224    
   15.7349997      0.879663706    
   15.7449999      0.796701431    
   15.7550001      0.855639040    
   15.7649994      0.740245581    
   15.7749996      0.788244069    
   15.7849998      0.776393354    
   15.7950001      0.824187160    
   15.8049994      0.801507950    
   15.8149996      0.838348687    
   15.8249998      0.858886302    
   15.8350000      0.782285452    
   15.8449993      0.915990591    
   15.8549995      0.715733588    
   15.8649998      0.784686744    
   15.8750000      0.848122716    
   15.8850002      0.707675934    
   15.8949995      0.728192091    
   15.9049997      0.871649742    
   15.9150000      0.875913739    
   15.9250002      0.800128937    
   15.9349995      0.788468778    
   15.9449997      0.861974120    
   15.9549999      0.935301125    
   15.9650002      0.753661394    
   15.9749994       1.01245189    
   15.9849997      0.799420059    
   15.9949999      0.835442722    
   16.0049992      0.813266397    
   16.0149994      0.865022480    
   16.0249996      0.726939440    
   16.0349979      0.747119069    
   16.0449982      0.761933208    
   16.0549984      0.813482583    
   16.0649986      0.691912532    
   16.0749989      0.858569145    
   16.0849991      0.904535174    
   16.0949993      0.887764215    
   16.1049995      0.777139187    
   16.1149979      0.869934320    
   16.1249981      0.863638043    
   16.1349983      0.779455364    
   16.1449986      0.887444258    
   16.1549988      0.730856895    
   16.1649990      0.957744718    
   16.1749992      0.775587678    
   16.1849995      0.702323675    
   16.1949997      0.887121499    
   16.2049980      0.695452511    
   16.2149982      0.761460900    
   16.2249985      0.832489073    
   16.2349987      0.713391423    
   16.2449989      0.671521544    
   16.2549992      0.788468659    
   16.2649994      0.966437221    
   16.2749996      0.822266698    
   16.2849979      0.780460477    
   16.2949982      0.886458278    
   16.3049984      0.793799758    
   16.3149986      0.904659331    
   16.3249989      0.710635781    
   16.3349991      0.750349104    
   16.3449993      0.708905339    
   16.3549995      0.834459841    
   16.3649979      0.858731985    
   16.3749981      0.978764296    
   16.3849983      0.881831944    
   16.3949986      0.840452850    
   16.4049988      0.854526639    
   16.4149990      0.813298404    
   16.4249992      0.837415040    
   16.4349995      0.856424093    
   16.4449997      0.995451212    
   16.4549980      0.799396873    
   16.4649982      0.838323891    
   16.4749985      0.737617016    
   16.4849987      0.791479826    
   16.4949989      0.845225096    
   16.5049992      0.769692719    
   16.5149994      0.734079957    
   16.5249996      0.817368329    
   16.5349979      0.826288462    
   16.5449982      0.756094337    
   16.5549984      0.873647392    
   16.5649986      0.887407601    
   16.5749989      0.832163990    
   16.5849991      0.737725854    
   16.5949993      0.859622717    
   16.6049995      0.784994185    
   16.6149979      0.833061218    
   16.6249981      0.812473118    
   16.6349983      0.826175034    
   16.6449986      0.820285916    
   16.6549988      0.702265263    
   16.6649990      0.891372800    
   16.6749992      0.880580544    
   16.6849995      0.830963135    
   16.6949997      0.737712085    
   16.7049980      0.906514406    
   16.7149982      0.760182261    
   16.7249985      0.894671440    
   16.7349987      0.811501563    
   16.7449989      0.945613921    
   16.7549992      0.872226119    
   16.7649994      0.741231799    
   16.7749996      0.764370143    
   16.7849979      0.854689300    
   16.7949982      0.695402741    
   16.8049984      0.833468676    
   16.8149986      0.899469137    
   16.8249989      0.903172255    
   16.8349991      0.916447699    
   16.8449993      0.977351248    
   16.8549995      0.923808396    
   16.8649979      0.784752190    
   16.8749981      0.940608323    
   16.8849983      0.967971802    
   16.8949986      0.843598366    
   16.9049988      0.847318113    
   16.9149990      0.775415897    
   16.9249992      0.935026288    
   16.9349995      0.764120102    
   16.9449997      0.725564003    
   16.9549980      0.903497756    
   16.9649982      0.808453500    
   16.9749985      0.877892077    
   16.9849987      0.801844358    
   16.9949989      0.829008520    
   17.0049992      0.907563210    
   17.0149994      0.845748127    
   17.0249996      0.868082404    
   17.0349979      0.848434150    
   17.0449982      0.977797389    
   17.0549984      0.781349123    
   17.0649986      0.859387398    
   17.0749989      0.867640913    
   17.0849991      0.829577267    
   17.0949993      0.786926687    
   17.1049995      0.823022425    
   17.1149979      0.831259966    
   17.1249981      0.793416321    
   17.1349983      0.741795659    
   17.1449986      0.874378681    
   17.1549988      0.960687041    
   17.1649990      0.913702428    
   17.1749992      0.747539282    
   17.1849995      0.971082151    
   17.1949997      0.997418821    
   17.2049980      0.868296385    
   17.2149982      0.885573030    
   17.2249985      0.911887228    
   17.2349987      0.842511415    
   17.2449989      0.932514429    
   17.2549992      0.799681425    
   17.2649994      0.862267554    
   17.2749996      0.870368481    
   17.2849979      0.864806652    
   17.2949982      0.818588972    
   17.3049984      0.871871829    
   17.3149986      0.952070117    
   17.3249989      0.874351978    
   17.3349991      0.918375075    
   17.3449993      0.845351219    
   17.3549995      0.907251954    
   17.3649979      0.888248682    
   17.3749981      0.887254477    
   17.3849983      0.913086653    
   17.3949986      0.970173240    
   17.4049988       1.04495847    
   17.4149990      0.860881925    
   17.4249992      0.899968326    
   17.4349995      0.720925748    
   17.4449997      0.969040573    
   17.4549980      0.879139781    
   17.4649982      0.926930308    
   17.4749985      0.952434838    
   17.4849987      0.951355159    
   17.4949989      0.795559585    
   17.5049992      0.860880256    
   17.5149994      0.939257741    
   17.5249996      0.951411724    
   17.5349979      0.822744191    
   17.5449982      0.839355350    
   17.5549984      0.847173512    
   17.5649986      0.850614727    
   17.5749989      0.919723868    
   17.5849991      0.979905963    
   17.5949993      0.804019809    
   17.6049995      0.820561528    
   17.6149979      0.967856646    
   17.6249981       1.01031661    
   17.6349983      0.913467169    
   17.6449986      0.851627231    
   17.6549988      0.989506423    
   17.6649990      0.914687514    
   17.6749992      0.879041314    
   17.6849995      0.921270788    
   17.6949997      0.898633122    
   17.7049980      0.945097625    
   17.7149982       1.03889811    
   17.7249985      0.895602763    
   17.7349987      0.898902297    
   17.7449989      0.850631177    
   17.7549992      0.995565951    
   17.7649994      0.917319357    
   17.7749996      0.886290371    
   17.7849979      0.829721332    
   17.7949982      0.871472299    
   17.8049984      0.896098018    
   17.8149986      0.818366587    
   17.8249989      0.902637362    
   17.8349991      0.884601235    
   17.8449993      0.981299400    
   17.8549995      0.840196848    
   17.8649979      0.970645010    
   17.8749981      0.935663819    
   17.8849983      0.913493931    
   17.8949986      0.891326070    
   17.9049988      0.835494816    
   17.9149990      0.902022302    
   17.9249992      0.968355834    
   17.9349995      0.937861383    
   17.9449997      0.970402002    
   17.9549980      0.956724584    
   17.9649982      0.876051247    
   17.9749985      0.988112748    
   17.9849987      0.978642285    
   17.9949989      0.952487350    
   18.0049992      0.922222733    
   18.0149994      0.925377131    
   18.0249996      0.836884916    
   18.0349979      0.898373425    
   18.0449982      0.938907802    
   18.0549984      0.942011058    
   18.0649986      0.891227782    
   18.0749989      0.898534536    
   18.0849991      0.947149754    
   18.0949993      0.983320594    
   18.1049995      0.957469642    
   18.1149979      0.968749166    
   18.1249981      0.942995191    
   18.1349983      0.954283237    
   18.1449986      0.957341969    
   18.1549988      0.919364691    
   18.1649990      0.824043334    
   18.1749992      0.962372839    
   18.1849995      0.949057460    
   18.1949997      0.874447584    
   18.2049980       1.00002813    
   18.2149982      0.998950481    
   18.2249985      0.948970735    
   18.2349987      0.915392339    
   18.2449989      0.950946867    
   18.2549992      0.982382715    
   18.2649994      0.944788516    
   18.2749996      0.976202846    
   18.2849979      0.942741871    
   18.2949982      0.986163735    
   18.3049984      0.985103667    
   18.3149986      0.975955606    
   18.3249989      0.930594206    
   18.3349991      0.957743585    
   18.3449993       1.01294816    
   18.3549995      0.991767585    
   18.3649979      0.962639153    
   18.3749981      0.989643574    
   18.3849983      0.988552868    
   18.3949986       1.07944524    
   18.4049988      0.918524384    
   18.4149990       1.02122462    
   18.4249992      0.924487948    
   18.4349995      0.935418606    
   18.4449997       1.01792777    
   18.4549980       1.01683259    
   18.4649982      0.908595979    
   18.4749985       1.05027044    
   18.4849987      0.914538682    
   18.4949989      0.992643058    
   18.5049992      0.837489545    
   18.5149994      0.986559510    
   18.5249996      0.981561661    
   18.5349979      0.976562381    
   18.5449982      0.845693469    
   18.5549984      0.935133934    
   18.5649986       1.01656628    
   18.5749989      0.940985262    
   18.5849991      0.924306750    
   18.5949993       1.13065863    
   18.6049995       1.01609397    
   18.6149979      0.999411047    
   18.6249981       1.02560985    
   18.6349983      0.997256935    
   18.6449986      0.902805269    
   18.6549988      0.967927992    
   18.6649990       1.01737583    
   18.6749992      0.961982787    
   18.6849995       1.05007350    
   18.6949997      0.983147264    
   18.7049980      0.993688583    
   18.7149982      0.907651842    
   18.7249985      0.995418489    
   18.7349987      0.955812931    
   18.7449989      0.954792321    
   18.7549992      0.930699825    
   18.7649994       1.11795843    
   18.7749996      0.894187450    
   18.7849979       1.03508377    
   18.7949982      0.976507604    
   18.8049984       1.04051983    
   18.8149986       1.00499940    
   18.8249989      0.981057584    
   18.8349991      0.980006337    
   18.8449993      0.902779639    
   18.8549995      0.939878166    
   18.8649979       1.05672240    
   18.8749981      0.964447975    
   18.8849983       1.03931868    
   18.8949986       1.10262740    
   18.9049988       1.04847455    
   18.9149990      0.956590891    
   18.9249992      0.978268266    
   18.9349995      0.947043777    
   18.9449978       1.02896070    
   18.9549980       1.05801558    
   18.9649982      0.974140465    
   18.9749985      0.973114610    
   18.9849987       1.02840424    
   18.9949989      0.989813566    
   19.0049992      0.932593048    
   19.0149994       1.04387283    
   19.0249996      0.904476523    
   19.0349979       1.05659842    
   19.0449982      0.977146268    
   19.0549984       1.04690576    
   19.0649986       1.01232874    
   19.0749989      0.843954742    
   19.0849991       1.06220651    
   19.0949993       1.01655948    
   19.1049995      0.945085466    
   19.1149979       1.06258988    
   19.1249981      0.998610556    
   19.1349983       1.10839117    
   19.1449986      0.948537707    
   19.1549988       1.01021290    
   19.1649990      0.950240850    
   19.1749992       1.10377014    
   19.1849995       1.07691014    
   19.1949978      0.994997084    
   19.2049980       1.05262470    
   19.2149982       1.05153692    
   19.2249985       1.02847278    
   19.2349987       1.04570389    
   19.2449989       1.05557752    
   19.2549992       1.02892721    
   19.2649994       1.06432581    
   19.2749996       1.08143044    
   19.2849979      0.949337482    
   19.2949982       1.01741087    
   19.3049984       1.01999450    
   19.3149986      0.982672989    
   19.3249989      0.996130049    
   19.3349991      0.995116830    
   19.3449993       1.00132477    
   19.3549995       1.11945558    
   19.3649979      0.977582157    
   19.3749981       1.10632777    
   19.3849983       1.08360291    
   19.3949986       1.10402381    
   19.4049988       1.01307499    
   19.4149990      0.976180375    
   19.4249992       1.13649619    
   19.4349995      0.920422792    
   19.4449978      0.962411642    
   19.4549980      0.972160876    
   19.4649982       1.04258466    
   19.4749985      0.995112479    
   19.4849987       1.12593210    
   19.4949989      0.968167484    
   19.5049992       1.02051532    
   19.5149994      0.941324294    
   19.5249996       1.06101215    
   19.5349979      0.992554724    
   19.5449982      0.895928383    
   19.5549984      0.994068027    
   19.5649986       1.06727087    
   19.5749989       1.11914408    
   19.5849991       1.07921648    
   19.5949993       1.01114297    
   19.6049995       1.09459853    
   19.6149979       1.08293319    
   19.6249981       1.08883536    
   19.6349983       1.01407194    
   19.6449986       1.00952744    
   19.6549988       1.13456225    
   19.6649990      0.979494810    
   19.6749992       1.04137290    
   19.6849995       1.04382801    
   19.6949978      0.990461707    
   19.7049980      0.992936552    
   19.7149982       1.12419236    
   19.7249985      0.987425208    
   19.7349987       1.04202402    
   19.7449989       1.05137205    
   19.7549992       1.02258241    
   19.7649994      0.993820369    
   19.7749996       1.09662604    
   19.7849979       1.04365456    
   19.7949982       1.10475683    
   19.8049984       1.04844439    
   19.8149986      0.978479385    
   19.8249989       1.06699681    
   19.8349991       1.07278585    
   19.8449993       1.08888423    
   19.8549995      0.984862745    
   19.8649979       1.02840638    
   19.8749981       1.07190502    
   19.8849983       1.04686797    
   19.8949986       1.04924142    
   19.9049988      0.962855458    
   19.9149990       1.02324831    
   19.9249992       1.08017325    
   19.9349995       1.08590138    
   19.9449978       1.01339543    
   19.9549980       1.18224669    
   19.9649982       1.16746902    
   19.9749985      0.969662964    
   19.9849987       1.04319537    
   19.9949989       1.04216373    
   20.0049992       1.09858012    
   20.0149994       1.10087931    
   20.0249996      0.961465836    
   20.0349979       1.06498051    
   20.0449982      0.999919236    
   20.0549984       1.13013589    
   20.0649986       1.01810706    
   20.0749989       1.04731345    
   20.0849991       1.07980108    
   20.0949993       1.07535899    
   20.1049995       1.04752851    
   20.1149979       1.03981161    
   20.1249981       1.03542697    
   20.1349983       1.04438663    
   20.1449986       1.09669352    
   20.1549988      0.982380927    
   20.1649990       1.03129852    
   20.1749992      0.973798156    
   20.1849995       1.10229385    
   20.1949978       1.10789680    
   20.2049980      0.984149933    
   20.2149982       1.07916832    
   20.2249985       1.04505742    
   20.2349987       1.02087760    
   20.2449989      0.993479788    
   20.2549992       1.09798169    
   20.2649994       1.07384706    
   20.2749996       1.12548769    
   20.2849979       1.06187797    
   20.2949982       1.06087017    
   20.3049984       1.13200545    
   20.3149986      0.966948986    
   20.3249989       1.04785335    
   20.3349991       1.11882603    
   20.3449993       1.05235279    
   20.3549995       1.08073664    
   20.3649979       1.04048979    
   20.3749981       1.03950226    
   20.3849983      0.992901266    
   20.3949986      0.988711238    
   20.4049988       1.13070476    
   20.4149990       1.06139338    
   20.4249992       1.01496351    
   20.4349995      0.994504929    
   20.4449978       1.00006294    
   20.4549980       1.07989705    
   20.4649982       1.13369381    
   20.4749985       1.06489992    
   20.4849987       1.09605527    
   20.4949989       1.05312526    
   20.5049992      0.987724781    
   20.5149994       1.02856886    
   20.5249996       1.09499097    
   20.5349979       1.07788730    
   20.5449982       1.08005285    
   20.5549984      0.989332557    
   20.5649986       1.01079011    
   20.5749989      0.971461713    
   20.5849991       1.07903469    
   20.5949993       1.12904298    
   20.6049995       1.13113070    
   20.6149979       1.05364835    
   20.6249981       1.07491255    
   20.6349983       1.00079477    
   20.6449986       1.18071508    
   20.6549988       1.14155138    
   20.6649990       1.05808413    
   20.6749992       1.12666500    
   20.6849995       1.05281162    
   20.6949978       1.03289413    
   20.7049980       1.00664163    
   20.7149982      0.993029416    
   20.7249985       1.04878724    
   20.7349987       1.11071086    
   20.7449989       1.06561649    
   20.7549992       1.07711542    
   20.7649994       1.10433972    
   20.7749996       1.07820845    
   20.7849979      0.955072582    
   20.7949982       1.13869536    
   20.8049984      0.943861783    
   20.8149986       1.04912984    
   20.8249989       1.01380694    
   20.8349991       1.03463113    
   20.8449993      0.940207839    
   20.8549995       1.07619023    
   20.8649979       1.20563841    
   20.8749981      0.999599040    
   20.8849983       1.06996191    
   20.8949986       1.12786520    
   20.9049988       1.04007423    
   20.9149990       1.05457211    
   20.9249992      0.933015525    
   20.9349995      0.959909618    
   20.9449978      0.968271971    
   20.9549980       1.07207918    
   20.9649982       1.07718873    
   20.9749985       1.03931046    
   20.9849987      0.967628241    
   20.9949989       1.08642459    
   21.0049992       1.00262737    
   21.0149994       1.01087725    
   21.0249996       1.09553361    
   21.0349979       1.18930495    
   21.0449982       1.06904840    
   21.0549984       1.06802428    
   21.0649986       1.17979372    
   21.0749989       1.09345758    
   21.0849991       1.07414126    
   21.0949993       1.10349751    
   21.1049995       1.11153471    
   21.1149979       1.04980052    
   21.1249981       1.02763271    
   21.1349983       1.10233879    
   21.1449986       1.06805944    
   21.1549988       1.03376579    
   21.1649990       1.11135066    
   21.1749992       1.13440275    
   21.1849995       1.05794537    
   21.1949978       1.01184988    
   21.2049980      0.989808381    
   21.2149982       1.09404802    
   21.2249985       1.16814590    
   21.2349987       1.07402194    
   21.2449989       1.09996951    
   21.2549992       1.12287736    
   21.2649994       1.00215411    
   21.2749996       1.12972426    
   21.2849979       1.05703223    
   21.2949982       1.02323449    
   21.3049984       1.03719246    
   21.3149986       1.03914595    
   21.3249989       1.06795013    
   21.3349991      0.998558760    
   21.3449993       1.08377659    
   21.3549995       1.03231323    
   21.3649979      0.954305887    
   21.3749981       1.00967038    
   21.3849983       1.02944338    
   21.3949986      0.966368258    
   21.4049988       1.08064568    
   21.4149990       1.05600667    
   21.4249992       1.08160102    
   21.4349995       1.02758658    
   21.4449978       1.17071772    
   21.4549980       1.04915679    
   21.4649982       1.07170200    
   21.4749985       1.10001040    
   21.4849987       1.00812542    
   21.4949989       1.03646934    
   21.5049992       1.03844905    
   21.5149994       1.08712554    
   21.5249996       1.10660708    
   21.5349979       1.12593615    
   21.5449982       1.08701777    
   21.5549984       1.05692291    
   21.5649986       1.04428077    
   21.5749989       1.02296209    
   21.5849991       1.02783215    
   21.5949993      0.925379634    
   21.6049995       1.02883577    
   21.6149979       1.05975091    
   21.6249981       1.08482504    
   21.6349983       1.04332614    
   21.6449986      0.990377128    
   21.6549988      0.969278753    
   21.6649990       1.09234798    
   21.6749992      0.984781325    
   21.6849995       1.02703130    
   21.6949978       1.09216464    
   21.7049980       1.01648188    
   21.7149982       1.00694489    
   21.7249985       1.00891376    
   21.7349987       1.01656044    
   21.7449989      0.878309608    
   21.7549992      0.983293474    
   21.7649994      0.956679165    
   21.7749996      0.992839694    
   21.7849979       1.02904284    
   21.7949982       1.06512237    
   21.8049984      0.987281919    
   21.8149986      0.989206433    
   21.8249989       1.01387429    
   21.8349991      0.973263919    
   21.8449993       1.07152486    
   21.8549995       1.04225659    
   21.8649979      0.979058266    
   21.8749981       1.02624679    
   21.8849983       1.08178365    
   21.8949986       1.03848302    
   21.9049988       1.00650024    
   21.9149990       1.05629408    
   21.9249992       1.08625877    
   21.9349995       1.09370983    
   21.9449978      0.980335474    
   21.9549980       1.06083286    
   21.9649982       1.06271029    
   21.9749985       1.04213643    
   21.9849987      0.973985732    
   21.9949989      0.964715481    
   22.0049992       1.00851011    
   22.0149994      0.999227762    
   22.0249996      0.964898348    
   22.0349979       1.04477501    
   22.0449982       1.02439117    
   22.0549984       1.10962296    
   22.0649986       1.03921151    
   22.0749989       1.13261068    
   22.0849991      0.967945218    
   22.0949993      0.992041707    
   22.1049995       1.08805037    
   22.1149979       1.00683773    
   22.1249981       1.08056235    
   22.1349983       1.04368222    
   22.1449986       1.05649507    
   22.1549988      0.950818777    
   22.1649990       1.09594715    
   22.1749992       1.14717853    
   22.1849995       1.06918085    
   22.1949978       1.06277382    
   22.2049980       1.06176138    
   22.2149982      0.975886822    
   22.2249985       1.13108325    
   22.2349987       1.08082569    
   22.2449989       1.00329649    
   22.2549992       1.01874983    
   22.2649994       1.00147426    
   22.2749977      0.973309040    
   22.2849979       1.01060700    
   22.2949982      0.968892813    
   22.3049984       1.00065088    
   22.3149986       1.00244856    
   22.3249989       1.06400383    
   22.3349991       1.09824026    
   22.3449993       1.15692329    
   22.3549995       1.03404319    
   22.3649979       1.07641578    
   22.3749981       1.06464744    
   22.3849983       1.02048612    
   22.3949986       1.13012993    
   22.4049988       1.07255161    
   22.4149990       1.12275648    
   22.4249992       1.05987346    
   22.4349995      0.959525287    
   22.4449978       1.00428665    
   22.4549980      0.960479438    
   22.4649982       1.06952620    
   22.4749985       1.08998656    
   22.4849987       1.08363974    
   22.4949989       1.02656698    
   22.5049992       1.04436982    
   22.5149994       1.03811169    
   22.5249977       1.04252040    
   22.5349979      0.985638738    
   22.5449982       1.08853805    
   22.5549984      0.994535089    
   22.5649986       1.00423896    
   22.5749989       1.02725255    
   22.5849991       1.02634871    
   22.5949993       1.02543807    
   22.6049995       1.04570007    
   22.6149979       1.01043856    
   22.6249981       1.01745045    
   22.6349983      0.963715792    
   22.6449986      0.960254550    
   22.6549988       1.07804024    
   22.6649990       1.02964067    
   22.6749992       1.06295109    
   22.6849995      0.996305406    
   22.6949978       1.11887693    
   22.7049980       1.04704213    
   22.7149982       1.03301096    
   22.7249985       1.04257751    
   22.7349987       1.01810050    
   22.7449989       1.00673914    
   22.7549992      0.995396078    
   22.7649994      0.947528124    
   22.7749977       1.03013933    
   22.7849979       1.01365495    
   22.7949982      0.981514096    
   22.8049984       1.06648338    
   22.8149986       1.03695238    
   22.8249989      0.911400914    
   22.8349991      0.996209979    
   22.8449993      0.935718596    
   22.8549995       1.00741243    
   22.8649979       1.06086695    
   22.8749981       1.07028639    
   22.8849983       1.04869676    
   22.8949986      0.985855937    
   22.9049988       1.08299780    
   22.9149990       1.09231448    
   22.9249992       1.03991067    
   22.9349995       1.08269274    
   22.9449978       1.04324198    
   22.9549980       1.08852625    
   22.9649982      0.951621056    
   22.9749985      0.994356573    
   22.9849987       1.05750918    
   22.9949989      0.992642820    
   23.0049992       1.06592882    
   23.0149994       1.09050584    
   23.0249977       1.01048815    
   23.0349979       1.02999127    
   23.0449982       1.00107169    
   23.0549984       1.07146919    
   23.0649986       1.09344184    
   23.0749989       1.00607479    
   23.0849991       1.11693299    
   23.0949993      0.984065771    
   23.1049995       1.00855303    
   23.1149979       1.01021504    
   23.1249981       1.06248891    
   23.1349983       1.04385149    
   23.1449986       1.00253296    
   23.1549988      0.999145806    
   23.1649990       1.04871821    
   23.1749992       1.04022515    
   23.1849995       1.11487377    
   23.1949978      0.965548933    
   23.2049980       1.02251410    
   23.2149982      0.981441140    
   23.2249985       1.01067698    
   23.2349987      0.979740798    
   23.2449989       1.00395298    
   23.2549992       1.00806856    
   23.2649994       1.03474975    
   23.2749977      0.941407204    
   23.2849979       1.03543782    
   23.2949982      0.972215414    
   23.3049984      0.961425304    
   23.3149986       1.08257103    
   23.3249989      0.979681492    
   23.3349991       1.05337977    
   23.3449993      0.977977395    
   23.3549995       1.03671050    
   23.3649979       1.02590787    
   23.3749981      0.973007202    
   23.3849983      0.893008888    
   23.3949986       1.10729015    
   23.4049988       1.01988780    
   23.4149990       1.07823336    
   23.4249992      0.973795176    
   23.4349995       1.07147884    
   23.4449978      0.991809070    
   23.4549980       1.06476986    
   23.4649982       1.06877708    
   23.4749985      0.974548936    
   23.4849987      0.946731508    
   23.4949989      0.923886359    
   23.5049992       1.08958387    
   23.5149994      0.976131916    
   23.5249977      0.975324273    
   23.5349979      0.976942539    
   23.5449982       1.00292909    
   23.5549984      0.931372225    
   23.5649986      0.891630232    
   23.5749989       1.02474666    
   23.5849991       1.01654971    
   23.5949993       1.03512442    
   23.6049995       1.05127013    
   23.6149979       1.05036128    
   23.6249981       1.05434871    
   23.6349983       1.01228654    
   23.6449986       1.09850812    
   23.6549988       1.00571454    
   23.6649990      0.978270054    
   23.6749992       1.04261446    
   23.6849995      0.983898759    
   23.6949978      0.997522175    
   23.7049980       1.02796507    
   23.7149982       1.02711964    
   23.7249985       1.04307377    
   23.7349987       1.00374496    
   23.7449989      0.986110508    
   23.7549992       1.05718005    
   23.7649994       1.04672730    
   23.7749977       1.01471066    
   23.7849979       1.00193083    
   23.7949982       1.03693473    
   23.8049984       1.00740206    
   23.8149986       1.08052087    
   23.8249989      0.977134824    
   23.8349991       1.08583128    
   23.8449993      0.994527876    
   23.8549995       1.00082338    
   23.8649979       1.10920119    
   23.8749981       1.03709352    
   23.8849983       1.06230593    
   23.8949986      0.988006234    
   23.9049988       1.03922057    
   23.9149990       1.03835213    
   23.9249992      0.954807341    
   23.9349995       1.05079210    
   23.9449978       1.04282224    
   23.9549980       1.07264769    
   23.9649982       1.05759287    
   23.9749985       1.02613175    
   23.9849987      0.980597556    
   23.9949989      0.956270993    
   24.0049992       1.01419318    
   24.0149994       1.03910756    
   24.0249977       1.04999840    
   24.0349979      0.964807689    
   24.0449982       1.00141668    
   24.0549984       1.08944070    
   24.0649986      0.953058004    
   24.0749989      0.982602298    
   24.0849991      0.972441375    
   24.0949993       1.05321527    
   24.1049995      0.945260525    
   24.1149979       1.03285909    
   24.1249981       1.06221485    
   24.1349983      0.975392818    
   24.1449986      0.960693836    
   24.1549988      0.983052969    
   24.1649990       1.00310397    
   24.1749992       1.03931677    
   24.1849995      0.992199719    
   24.1949978       1.03525305    
   24.2049980       1.07369161    
   24.2149982       1.02202487    
   24.2249985       1.00968146    
   24.2349987       1.04796684    
   24.2449989       1.04941809    
   24.2549992      0.968079686    
   24.2649994       1.03161716    
   24.2749977       1.01467001    
   24.2849979      0.972540557    
   24.2949982      0.939695954    
   24.3049984       1.07402039    
   24.3149986      0.999898434    
   24.3249989       1.05398118    
   24.3349991       1.02796185    
   24.3449993       1.03627682    
   24.3549995      0.953294516    
   24.3649979      0.954789221    
   24.3749981       1.03599656    
   24.3849983      0.996438384    
   24.3949986       1.01382768    
   24.4049988      0.981218934    
   24.4149990       1.04619431    
   24.4249992       1.01134551    
   24.4349995       1.07165694    
   24.4449978      0.955321133    
   24.4549980      0.972657979    
   24.4649982      0.962846100    
   24.4749985       1.07946384    
   24.4849987       1.00189197    
   24.4949989      0.958213210    
   24.5049992       1.08356512    
   24.5149994       1.00168657    
   24.5249977       1.02106965    
   24.5349979       1.00230443    
   24.5449982       1.12498367    
   24.5549984      0.975986123    
   24.5649986      0.937084615    
   24.5749989       1.10875297    
   24.5849991       1.04520047    
