  -3.94735885       1.25695205       4.54194498    
  0.206995517     -0.618653953      -4.14659548    
   3.98691869      -1.64299238       2.75897717    
   2.66719604       1.66364408     -0.714341760    
  0.732699931      -2.12578344      0.767820060    
 -0.876889348     -0.195931941       2.95615125    
   1.98086691     -0.256743580      -1.98832834    
   3.97751975       5.60987368E-03   3.93246150    
  -2.26422882       1.82399523      -1.00759161    
  -1.89910913       2.08231807       2.28628778    
   4.26511192       3.92699432       3.68337083    
   1.03905272      -3.02207279      -3.43750429    
   1.55255759      -4.76842403       2.65590191    
   2.97541928       4.00504065       3.07530594    
  -3.66253710       1.83790040       3.13271189    
  -3.69345188      0.510012507      0.614853680    
  -3.60396695     -0.664786160      -8.65902230E-02
  -3.13986874      -3.19212008       2.28632498    
  -3.73313403       1.20453513      -1.17087412    
  -3.91901803      -2.84737587      -4.32970476    
   3.57415819      -2.80590916       3.00784755    
  -2.88190055      -4.52217245       2.39523935    
  0.588494718      -3.67804742       4.15560532    
   3.97353840       1.32678676     -0.651703775    
   4.19970798       4.21053219      -3.15416241    
   2.93891931       1.08779919       1.69243681    
  0.780735970     -0.499048442      -1.55618179    
   4.91660500       4.26042461      0.175473824    
   2.62002850       1.67165744      -3.15511227    
   4.65616846     -0.247884572     -0.623603523    
   1.46456015      -1.60106385      -2.99363446    
   3.68908691      -1.01116836       1.22565305    
   3.74736810     -0.601342857      -2.71549535    
   1.33280814       1.29336417       1.55696893    
  0.111484125       2.68050504       1.87090373    
 -0.880341291      -3.59156251       2.69536591    
  -2.37131667      -2.11014915     -0.547536254    
  -2.53094602     -0.617337167      -1.67192519    
 -0.801029205       1.64906645       3.21994759E-02
  -3.72120738      -4.87628078       1.88373590    
   2.53821731       2.92188501      -3.92181206    
  0.877893865      0.271710604      -3.40684533    
  -3.85109282       3.02568340       3.55478477    
   3.63795781     -0.614392161       3.80159998    
  -3.50100279      0.925294697      -3.26175356    
   1.13180113      -1.25483906       3.75544167    
   1.30251646       3.51776004       4.31184769    
 -0.964244902       1.14044023       4.11405373    
  -2.97664714       2.09878254      -4.86693811    
  -2.72528720       1.24929357      0.765350044    
  0.626799524      -3.51884294      -4.56681871    
  -4.39015341      0.299154639       2.17260575    
   4.25687265      -3.48877263       2.37530661    
  -1.75863230       4.28763591E-03 -0.526047647    
 -0.583854139      -4.57605347E-02   4.85052681    
  -2.27807355      0.355827361       3.91564631    
  -4.34510994       2.92771244     -0.709934294    
  -2.68049812       4.31381273      -1.02849960    
 -0.393783957      -3.29917502      0.274098366    
  0.857897043       2.46324015       4.44522715    
  -1.89873362      0.611334264      -2.15574384    
   2.65894008      0.302725911      -1.02085137    
  -3.56311369       3.47789073      -4.67006111    
  -4.88105392       1.49376118       4.56344652    
  -2.37547159      -2.18110561       1.25603282    
   3.86908937      -1.09356189       4.67835903    
   1.29206955      -2.64975762     -0.932112396    
 -0.841526449       3.45471859      0.454752892    
  -2.49978161       3.44987679     -0.796537876    
  -1.76749694      -3.85233235      -1.03205550    
  0.497227728      -3.77411485      -1.26757240    
  -2.54240847      0.164136067      -4.61685753    
  -1.78413045      -2.19927025       3.61834717    
  -2.07767177      -1.92683065       4.66990995    
   2.31685162      -3.68937492      -3.36260843    
  -2.35051727      -3.97660041       1.72307956    
  -3.34141898       1.76993513       4.34972095    
   4.51228656E-02   1.92119133      -4.61837244    
  0.655235887       4.97425222       4.50073528    
   1.33388841       3.64623523      -1.22092748    
  -3.24145675       3.43707871      -2.06068373    
 -0.857669294      -2.71117735       2.78647494    
   2.85560560      0.356010586     -0.619265020    
  -4.78507710     -0.331801653      -3.58789253    
  -4.56937647      -1.23879755     -0.925509095    
   1.14735150      -2.58741331       2.68304873    
  -2.54181600       1.39736617       1.14505088    
  -3.37277889      -3.76489305     -0.727367699    
  -3.29302907       4.16309595       4.92352867    
  -4.90123415      -2.88677216       4.57948685    
  -2.89757943     -0.945987046      0.621191144    
  -3.65389371      -4.24709368      -2.50403714    
   3.89689589      -2.05860591     -0.527934611    
  -3.78818369     -0.974837303       3.05215168    
   3.61936593      -7.01138079E-02  -4.86132908    
   1.36742997      -7.73212388E-02  -4.88789511    
   2.00120068      -3.32957983      -4.35339117    
  0.560637832      -3.85812593     -0.525102377    
   1.58350849       4.13996696      -4.00439453    
 -0.612823904      -3.66997290      -2.10338378    
  -4.69960880       3.28715730      -4.85429716    
 -0.475403696       4.68331480      -3.37614083    
 -0.538282275       2.14096522       1.82817948    
   1.25144041      -1.50446296      -1.36718273    
  -1.91760230     -0.935700953      -1.58548498    
  -1.14929378      -1.03817415      -3.13078356    
   2.55893588       1.78327203      0.631679237    
  -2.17243838       2.91114855       2.20898509    
  0.181590527       3.23592615       1.07890856    
  -1.95731699       1.97396052      -1.19720113    
   3.40012360     -0.640110433       3.48963165    
   2.35556674      -1.04823673       1.39103210    
   4.48916197       3.37356853      -4.04452276    
  0.467519790     -0.769798040       2.08369374    
  -2.57836151      0.301689446       1.45026672    
  -3.61767459     -0.460509777      -3.85100865    
   4.48044586     -0.697009146      -3.46863675    
  0.675581872       1.81103992       2.60552216    
   1.29937589      -4.64792585      -3.79400086    
   1.03612769      -2.44900584      -2.69043398    
  -4.86601162       1.99606562      0.146444112    
  -4.65194464       3.04110909       1.66457522    
   2.82312369     -0.386257231      -4.81538391    
  0.111139923      -3.51036978       1.40350461    
  -3.94971466       3.94743562      0.914228261    
  -4.57040167      0.942996860     -0.450760514    
   3.99553156      0.379267514      -3.25510573    
  -3.80891895       1.39652181       1.70812500    
  -4.03709078       1.18303430      -4.04284620    
  -4.37662506      -2.97435570       3.52334976    
  -2.23803353      0.150671452       3.05469704    
  -3.67199945       2.94833469      -3.56301928    
  0.748757482      0.200218663      -2.65611696    
   3.97633004       1.86485744      -1.42289436    
  -2.14242768       4.33644962      -4.76674747    
  -1.30281401       1.76461828      -1.85519052    
  -3.51704407      -3.92034745       3.84484982    
   4.73021698      -1.19871628      -2.09820366    
  -4.04638147     -0.530196130      -4.30062914    
  -4.21433306       1.98734164       2.64562559    
  0.173920199      -4.65822077      -4.10351896    
   4.22657776      -2.21486640       4.86050606    
  -2.90186858      -3.52486897       1.29778934    
   2.23112106      -2.52779627     -0.663287401    
  -4.28268433       1.98092294      -4.13214350    
  -3.32949519       2.52903986      -2.23351240    
   2.07685089       4.94009590       9.31522995E-02
   3.60575628       4.00466967      -1.44473183    
  -2.46029496      -1.50605583      -2.16213131    
   3.76638579      -3.20244026      -2.04416776    
  -4.03686905      0.108360089       5.87032214E-02
  0.590900421      -4.75382423       2.97604561    
   2.67677855      0.539853573      -3.49707413    
   3.64830041     -0.201684147       1.16192198    
  -3.84677935       3.59065795       2.31879449    
  -3.62575960     -0.618099868       3.97445226    
   1.64671588       3.12519312      -4.78966427    
  -2.74782062       2.41229224      0.423636854    
  -1.96957541      -1.39964128     -0.415669352    
  -4.21449471       2.34336042      -2.49763823    
  -1.60616624      -4.71624470       2.79695082    
   4.39757013       1.30341077      -3.99393559    
   3.42147279      0.460789561      -5.22384830E-02
  -3.76766491       4.78422642      -2.02875805    
   4.37068892      -3.09617424       1.21759248    
   3.13556051       4.29061794      -2.96358371    
   2.63988018       4.83910036      -4.44515991    
   4.03602314     -0.648398817      -1.30751717    
  -3.17658710      -2.57087064      -2.55017805    
  -3.54042697       1.20863032       4.36562443    
   2.05108857      -1.42412901       1.85884905    
   3.73822784      -2.59350443      -3.35574484    
   2.06013632       3.14918733      0.923840046    
 -0.839960635      -4.42408800      0.804014802    
  -1.67856658       2.15489864      -4.36989021    
  -3.91882110      -2.94321585       3.89906144    
   1.46574402      -1.26248169       4.94403744    
  -1.64597225       1.10615051      -3.18552613    
  -2.06038094      -7.11588338E-02  -3.75179005    
   4.48070478      -4.32213640      -4.62550020    
  -7.31327757E-02  -1.42840183     -0.701836765    
   1.41892385     -0.646822393      0.375361204    
   4.51034307      -1.88330996       1.97735465    
  -4.56009912     -0.959345222       4.83531094    
  -1.24078560       3.02220941       3.67723417    
   2.70938706      -2.93641591      -2.89002562    
   1.94168437       2.74471402     -0.428556889    
   2.59298229     -0.315924793      -3.07087398    
 -0.916374981       4.06175756       2.43858218    
   3.71811175       3.46655679       1.35251129    
   1.28343844      -3.34039044      -1.31975400    
   3.46704316     -0.150425240      -3.83219671    
   2.77185702     -0.382273823       1.94189942    
  -2.12829542     -0.614020348       4.94878101    
   3.74199796       2.14391255       2.34039640    
   2.53948975      -1.70069110      -4.18084431    
  -2.00238180      0.552871943       1.56642282    
   1.43149173       4.59856558       1.54197156    
  -2.16624069      -1.92506862      -3.60840464    
   4.65103483       3.59839964      -3.55870128    
   4.86463547       4.12486649     -0.941884339    
 -0.857545733       1.38307500       3.12578607    
   4.80883741       4.29994822      -3.06523347    
  -1.78419626       2.67849827      0.513188243    
   2.72024584      -2.41825891       2.26100159    
  -2.04804969      -3.14390540      -4.70370960    
   3.25276351      -1.10005426       3.18089294    
  -3.79413104      -1.60360837       1.73741794    
   2.83734226      -3.93310905      0.751209080    
  -1.31922150     -0.484115928       1.10327494    
  -1.33257902      -3.63435006       1.19017434    
   3.25613880       4.57027626      0.490211338    
  -3.75385070       2.42176580      0.780398488    
  -3.12125206      -2.41095352       1.87462926    
  -3.32104445       4.75413418       4.23973656    
  -2.10857105      -1.62702358       1.77065265    
   2.70823646      -4.17014027       1.64807904    
  -1.92667818       4.10555601       2.39156795    
 -0.659711421       3.21760130      -1.51152372    
   1.04885316       3.30606890      -2.08519173    
   4.58920002      -4.80811310      -1.77300656    
 -0.705863476      -1.67448676       2.56196451    
  -2.09108949      -1.55447102      0.705835640    
 -0.759800851     -0.178208068      -3.18311048    
   4.75178289       1.93816686       1.44653177    
   3.75981188      -1.76099217      -1.38952529    
 -0.153608397      -1.66816080       3.48118901    
  -4.26755905      -2.91879582      -3.01747823    
   4.90786076       4.87895823       3.33678770    
  0.365414858     -0.431586444      -2.03421283    
   3.24265647      -2.48669076      -3.13010979    
   4.18114138      -4.85696983      -3.82085061    
  0.549009502       4.33779812      -1.43199170    
   3.31875587       1.86986637      -2.25819588    
  -1.25187349       3.90368080       3.57880640    
   2.76385093      -3.38952994       1.94889235    
   2.56574726      -3.69595361       3.19317245    
   1.77195954      0.634693265      -4.05489111    
 -0.517337680      -4.62150812       4.12070179    
  -1.19988179      -2.02512836      -4.83809137    
   1.71155655      -1.57022905       2.21296668    
   8.40380192E-02   4.55507421       3.46737814    
 -0.241195440      0.481962562       3.88221025    
  -3.89951468      -1.15816832      0.234929532    
 -0.606998861      -1.89782012       4.34784460    
   2.32145134E-02  0.403999507      -2.22156906    
   4.36631203      -4.49321413       4.87722921    
   2.26851535      -2.93448758       4.28704214    
  -3.36738110       2.96594262       2.58296251    
  -3.40349627      0.643086553       2.75153995    
 -0.595440447      -2.16739821      -1.75474548    
  -1.30648577      -2.88401079       2.22795796    
   3.07049870       1.97838640       3.90601635    
   1.82736504      0.376728058       3.06028652    
  -2.62058067       1.29440200       4.57835245    
  -2.00579739      -3.90912724     -0.184861168    
  -2.08221078     -0.908105969      -1.02821970    
  -4.17880869       1.08352041     -0.466621459    
   4.53745699      0.179430276       3.51851654    
  -1.78634202      -4.62704802      -1.29156899    
 -0.227095440      -4.73736143      -1.02823150    
  -3.31137419      -2.18074846       1.12640655    
  -2.56529546       1.51702619       2.26944709    
 -0.410800159      -3.55799031       3.80813193    
   3.49172974       4.25827503      0.480281055    
  -2.03020215       2.56398582       4.83747482    
  0.109295085      -2.49959087      -4.42919636    
   2.36523676      0.415012956      0.426348329    
  -3.71983695       3.93698025       8.73432010E-02
   2.43641639      -4.14311695      -2.96312141    
   2.24609423     -0.944264770     -0.255211323    
  -4.33114815       2.46329999     -0.697116852    
 -0.831015110      -2.53190923       3.29730678    
   2.04386044       5.44914231E-02  -4.64319181    
   2.89448214       1.01448226     -0.456186205    
   4.46447039       3.82289290      -1.44985592    
  -2.03723049       1.85057104       4.95573092    
  -1.90928435      -4.75482655       4.32784271    
   4.16538334       2.66861844      -3.69319296    
   1.97404945       1.88874030       2.16492581    
  -3.37467885       2.67099547       1.24384010    
   4.46757555      -2.31048250       3.90165615    
  -4.46815443       2.16824079       4.79974318    
   3.52153349       1.89135373      -3.14672971    
  -2.08596015      -3.71865869       2.73888469    
   1.18753767       1.29770505      -2.95645356    
   1.68066955      -4.49359751       4.74507189    
   1.94407630      -2.61503124      -4.12875557    
   3.40701008       1.08744764      0.677738786    
  -2.50390291       1.39616239      -3.95290232    
  0.489393920       1.15088463      -3.98979187    
   3.96464992      -2.82693982       3.34633160    
   4.77398205     -0.577646852      -4.38824749    
   1.13476896       4.43877459      -2.25310922    
 -0.766483665       4.91251564       1.53368735    
   3.11900234       4.50838661     -0.488695472    
  -3.34530091      -1.89248168      -1.25110495    
   2.94267845       4.81003046      -4.74186754    
   3.43136001      -1.33520460      -2.97513223    
  -2.36471653       4.46476698      -3.83184552    
  -3.19953489       4.56101261E-02  -1.24926054    
  0.801221251       4.09447956       4.19318247    
   3.14176607       1.19953501      -2.26770592    
  0.659432888      -4.56376362      -2.08234954    
 -0.979260743      -1.52536285      -3.92129111    
   1.05923045      -3.72054338      -3.15689111    
   3.89550209      -4.93850756       4.10201120    
   3.19065118      -3.78031611      -2.20125675    
  -4.38325644      -1.72144878      -2.23750663    
  0.940601289      -4.32306194      0.694420159    
  0.954018414      -3.18103647       3.32550859    
   4.11029673      -2.54520607      -2.18377972    
  0.996264875       4.17171955     -0.631671011    
  -1.88871109      0.556814253       4.17041922    
  -4.83292389       4.60830116     -0.525492489    
 -0.549334049       2.26415610      -1.12756658    
  0.264876574       1.07207203       8.77044201E-02
  0.196544439       3.71838665      -1.40015709    
   2.16420269     -0.976488352       1.20940959    
   4.47869778      -1.50930405       3.75570536    
   3.29550838       1.87715483      0.164400280    
   3.22029161       4.03309536       2.54222298    
   4.67773104       1.65585037E-02  -2.61806941    
  -4.45745516       4.08964109       2.91078830    
  0.342288107      -3.83785629      -3.44701385    
  -1.95320165       1.54141963      -2.93491721    
   3.75566602       2.38376689      -4.56568861    
  -3.46177077       4.54950571     -0.123896204    
   4.25212431       3.90628314      -9.06547531E-02
  -3.07346034      -2.78765154      -1.17427611    
   3.65452671       1.97499835       1.90486228    
  -3.33971715      -4.06612730       1.19157124    
   3.92443991       3.35845757     -0.516912460    
   1.01156402      -4.63916826     -0.312476754    
   3.11931372      -1.97522640      -4.42959213    
  -1.18009925       3.48183227       2.62180042    
  -3.96191907      -2.61542010       3.65731263    
  -4.85144329      -2.01018214      -4.29875278    
   1.34015071     -0.190620810      -2.15314221    
  -4.04047108      -4.56597710      -1.62126327    
  -2.64206886       2.49000216     -0.401412070    
  -1.45364237       4.82236481      -2.30861449    
  -3.68051624       3.23327684      -3.06225896    
   3.83731604       2.02302480     -0.345569134    
   3.52533340      -1.37120807       1.43727672    
  -2.26124358      -4.61708832       2.72066975    
 -0.641478837      -4.82176638      -1.81170666    
  -2.50611353      -3.74019313      -4.22291470    
  -2.66284037      -2.53220224      -4.97768164    
 -0.134130940       1.85901415      0.483478308    
  -4.25664806       4.82172871       1.48606217    
   3.62614417       2.05544829      0.734342337    
  -1.25928307     -0.364163220       1.67991614    
   1.86105108      -4.19928741      -2.46444464    
   3.00880742      -4.16507149       2.29602885    
   3.68866539      -1.47678876       3.77490354    
  -4.97493029       4.93369389      -3.97174954    
  -3.86425257      -1.64739668      -4.08349848    
   4.42777824      -1.67497873       6.41338676E-02
  -2.70255256       3.59555149      -4.20922899    
  0.871090949       1.06083190       3.16582346    
   4.80890608     -0.453479260       1.44577456    
   4.24229527       3.91869044       3.60213852    
   4.40624475       1.84863067      -3.65177608    
   2.89978099      -4.35250378      -4.29801607    
  0.355842382       2.29558206      -1.53982294    
 -0.775662124       1.63858640      -2.06970215    
  -2.99833655      -4.97413063       2.68137646    
   3.04437041      -2.40842819      -4.68327856    
 -0.694285393       1.35934651      -3.53206635    
  -1.16881752      -4.32647562      -1.86430526    
  -4.56485271      0.382963419       2.19307971    
  -1.26739311     -0.904403448       1.72001600    
   2.49572635      -3.13337779      0.834468544    
   3.75084329      -2.57300329       4.85206699    
  -2.83405137      -4.78004789       1.18521202    
  -2.74808717       1.20030332      -2.37722468    
  -3.76764369     -0.945666671       1.73761249    
  -1.51071596       1.99745071       1.39700687    
  -3.62600160      -1.88007295      -4.62675430E-02
  -2.45598125       4.49704552      -2.44427252    
  -2.37735915      -4.52136707      -3.81951165    
   2.02061415      -9.28257704E-02   1.16698194    
  -1.85173976      -3.32653403     -0.414357156    
   2.36718941       2.14475060      -3.42516470    
 -0.704774082      0.363104910       1.72577393    
   2.54533243       3.89975500       4.96791887    
 -0.748148561       4.00749588      -1.89919889    
  -3.77718353     -0.648701489     -0.940697730    
  0.219682798       2.90748882     -0.140113726    
  -3.17578888       1.68826938      -2.00011110    
 -0.947097898       1.73472738      -4.04279518    
 -0.275786728       2.05395675      -3.82728648    
  -1.17518103      -2.85523963       2.19376497E-02
  -2.25671196      -4.36213207       4.49763203    
   2.07527614      -1.17594564       4.62792921    
  -4.93907928      0.555354774     -0.999595225    
   2.60047030      -1.82866430      0.201137513    
   1.61546016      0.836729348      -2.29563332    
   1.55857646      0.277594119      -1.47057760    
  -2.94687653       2.95761204       3.97507429    
   4.89004660      -1.79168499       1.18648410    
   2.40066504      -4.95993853       1.63307559    
  -3.64639091       1.91059077     -0.692348003    
  0.707648873       1.01736391      -2.10754061    
  -3.69804740       3.87593865       3.54925823    
   2.22119308      -1.25214648     -0.897586763    
  -1.84619713       1.20988369      -1.04120409    
  0.362387210       2.51767802      -2.27141333    
   4.42564869      -3.12498403       3.38866520    
  -4.82215977       2.93635702      -3.20323610    
  -1.50717521      0.387197316      0.905904770    
   4.72436905       3.50974751     -0.482746005    
 -0.895791411      -6.98702224E-03  -1.50030851    
   2.75352263       3.01165080      -4.24393511    
   4.40145206      -2.43722391      0.192520767    
  0.324583143       4.83797312       3.31328940    
   3.72793722      0.497301668       4.52799749    
  -1.81070149      -1.07918036     -0.413727939    
  -4.10822582      -1.50006056       4.90163660    
   1.62860620      -1.49611402      -2.35679841    
  -1.44067848      -1.07803798      -3.28499007    
   4.64235926      -4.05624962       3.45924282    
 -0.553154409      -3.84618592       7.10080564E-02
   3.31859088      -2.33226323       4.26744366    
  -2.16284657      -1.63892484      -4.35458899    
  -1.61987329      -4.85629129      0.482289553    
   2.69328308       2.31931257       2.30380535    
  -3.20707965       2.00903630       2.88711786    
   3.51648307       2.86630130      -4.46930170    
   2.60983968     -0.624074459      -2.25909376    
  -2.98810029      -1.03987455       2.98637056    
 -0.841699243     -0.170024931     -0.191111326    
   3.33508778      -4.57329702     -0.936886489    
   4.53581572      -3.68965769      0.392711490    
  -3.77903605      -4.58711767      -4.06084585    
  0.159955814       3.67312431      -3.03961560E-02
   4.66011047      0.756643474      0.613577247    
 -0.582371116       1.45375729      -2.15340829    
   6.95021376E-02  -4.36805677      -2.60003328    
 -0.930142641      -1.17625916      0.389793187    
   4.34571123     -0.800726771      -4.09944153    
  -3.46061850      0.497999221       4.26314354    
  0.160967514      -2.81138444       2.18382049    
   1.30474710       3.37226343       3.22659135    
  -4.69726133      -4.08526622E-02   4.83622265    
   3.76050472      -3.26535010      -1.32688212    
   1.65190589      0.192748666     -0.410824031    
 -0.777348995       1.24464023      0.107517451    
   3.90034342      0.253296554      -2.61240411    
  -2.26004767      -2.11450315      -1.23170197    
  -1.12048233       4.46646547      -4.51135731    
   3.38605809      -4.32885313      -2.73179293    
  -1.65366542      -4.85661793       4.51965570    
  0.714332223       1.32139301      -3.29101706    
   1.95683980       1.21794617      -4.61641979    
  -4.79767513      -1.61162925      -4.46430588    
  -3.26925230       3.78791285       3.01653361    
  -3.46546340      0.520109773      -4.97922945    
   2.30155277      -3.78500938     -0.812768281    
   2.22119904      -2.80525422       3.80822515    
 -0.118831769      -2.38363171      -5.69761358E-03
   2.81916261       3.12884283     -0.878395557    
   3.18297124      -4.36936522       1.11641407    
  -4.29767036      -3.31289411      -1.66134417    
   1.45759976     -0.976508260      0.288655132    
   3.82797456      0.502566755       2.31920338    
  0.692920983       1.26506042       3.81336927    
  -1.59411538       4.99332380       1.52214622    
  -1.26241934      0.553338110      -4.56413746    
   1.94265378      -2.66880631       2.64014816    
  -4.28437185       3.95089388      -4.10179281    
  -1.49068534      -1.50724459      -1.15891135    
   3.37275100       2.68699336       2.76353121    
   1.90921414       3.68402386      -4.76986456    
   3.73664641      -1.31084430     -0.639741659    
  0.374252915       1.37509668       1.59466457    
  -4.66610622      0.476675570      -3.01814342    
  -4.26559544       2.73425245      -4.89748859    
  -4.61301517     -0.670448065      -1.47702897    
   2.07868171       4.22496223       1.37871182    
 -0.778947413       3.23791814       4.39716530    
  0.809019327       3.55869746      -3.64488983    
   2.83721495       3.81526899      0.446869314    
  -1.42641652       2.31291628      -2.39214706    
   2.47992301      -6.45991927E-03   3.67573643    
  0.453270674       4.21002102      0.537495732    
   2.21497273     -0.725578725      -3.92312336    
  -3.07787800       4.18158865     -0.893251598    
  -3.76692247      -2.70464611      -1.35891926    
 -0.519786000       3.11888933       2.99384642    
   3.15531516      -1.85319042      0.358685046    
   2.45192504     -0.786607623       5.86466007E-02
   3.52441072       2.72114015      -1.27336752    
   1.28266931       2.47654772       3.95133686    
  -3.26056623      -3.54636884      -1.20888293    
  -3.46054697      -2.17557335       2.75008845    
   1.92212915       1.50004327       4.78049994    
  -4.59840631      -3.93793488       3.62884951    
   2.59948730     -0.316930562       3.38574243    
   2.48600388       1.92249656      -1.24808574    
  -4.30180264      0.352324605      -1.40162528    
  -3.86990237     -0.118030339       3.56996942    
  -4.05685329       1.90559971      0.566869378    
   1.80883050     -0.564148366       2.21039844    
   1.01310062       2.60174537     -0.498024344    
  -4.64050436       4.39207602       4.33847904    
  0.147813603      0.329311490       3.26655126    
  -2.28406572      -3.13943601       3.36784482    
  -3.48625350      -1.43552125      0.880853117    
   2.36797786       3.40191436       2.60784483    
   2.05632687      -3.00696039      -2.99857020    
   2.07442093       3.92932439     -0.623831153    
   4.36197281       2.00083327       4.40388584    
   2.87787700       2.17323661     -0.486158192    
   4.05224991      -2.21909642      -3.65954351    
   2.25349617      0.578522563       1.85519326    
  -4.87881565       3.98910642      0.743692994    
  -2.46818614       2.13927078       2.14760900    
  -3.84129047      -1.49095535      -3.07572937    
   4.88620186      -3.68598270      -3.39924097    
   4.74864864       4.79112291      -2.82423353    
   3.91119647       3.61313915       1.29717016    
   2.07011819      -2.11616635      -2.29216790    
  -4.11616182      -3.89985967     -0.163966566    
   4.83322430       1.71710217     -0.757060170    
  -4.19296885       4.04498529      -4.60392475    
  -6.82360530E-02  -3.58163738       2.90735793    
  -1.33534110     -0.760267198       4.24812174    
  -4.29292154       4.53125572      -1.03575337    
   4.04961729      -2.55070925      0.942466021    
   1.40120876      -4.88582087       1.97952223    
   1.48450243       2.09605336      -1.76483381    
  -2.19066811      -2.00996542       2.22219563    
  -4.59610510       4.54969406      -3.37762880    
  0.522739112       3.15016222       4.51935577    
   2.76294851      -1.99267173       4.27423048    
   1.93796253       1.77146900      -3.47729349    
   1.70463121      -4.93623161       3.05222893    
  -4.56213856     -0.651458621      -3.15161514    
   4.72517490      -1.65256202       4.88359451    
   3.03720069       3.19949412      -2.83354855    
   1.16478848      -1.70493305      -1.15909362    
   3.87692952      -2.71511245      -1.04176450    
 -0.253944188     -0.788605690       3.36863613    
  0.395982653      -3.35090518      0.991550088    
   3.19525790       2.77950788      -3.12014699    
  0.333134294     -0.847798467      -2.80607939    
  -4.05092859      -3.24563599      0.427827448    
  -4.67485809      -2.12345076      0.698704064    
  -3.13008380      -3.30220532      -2.50405812    
  0.858529270       4.67208815      -2.06157732    
   2.64570093      -1.58140206      -1.58300245    
 -0.278543949      0.950311840      -1.10858321    
   3.70684600      -3.07750845       4.35197735    
  -1.35731769      -4.19098282      -2.99180746    
 -0.871375203       3.23612547       2.01981735    
   3.09368825     -0.659869254     -0.495162398    
  -3.03464818       2.99644327      -3.92382979    
   4.57233477       2.18172860      -1.72217250    
   2.95097327       4.45162630      -3.74388909    
   3.00573587       1.92655432       1.05095649    
   2.52154660      -1.35607457      -3.07062435    
  -4.87695646      -2.31999469      -3.15093279    
 -0.976643384     -0.587547421     -0.242627636    
  -2.34764957      -4.09736729      -1.88062251    
   3.00810242      -2.08469200      -1.33045292    
   2.23386717      0.453406453       4.74469137    
   3.11641026       4.31448412       1.95456600    
  -4.66221762      0.545128107      -2.20525050    
 -0.991462946       1.12525570     -0.793919563    
  -2.77834296      0.613768458       2.45468712    
 -0.455452532      -3.75646710       4.23699474    
  -1.51810539      0.720415831       6.99524209E-02
  -1.89665937       3.71708584      -2.66825128    
  -2.93016362      -4.60555553E-02  0.844351351    
  -4.35795879      -4.63518286       2.77555275    
   1.93413377      -2.77374244      -4.98119640    
   1.53903449      -4.18327045      -3.14480424    
  -3.40027976       2.96551394     -0.277959645    
  0.922114134      -1.86680651       3.30931854    
   2.63917518       3.26085830       4.23828793    
   1.47920609     -0.172762632      -3.47141290    
  0.805895269      -2.76085305       4.84752798    
  0.877902985       1.81680870      0.717122972    
   1.85670173       2.23694634       4.40778780    
 -0.197457880       3.63222480      -4.23825741    
   1.78237271       1.55182493      0.720154166    
  -4.19360209       2.27764726      -1.67465639    
   4.47616816     -0.171262681      -1.67949510    
 -0.835963011       3.05136085      -2.30820346    
  0.165596262      -2.49301791       4.36422062    
   2.49147749       4.61987448       4.44166327    
   2.57924104      -1.68804812      0.566218674    
 -0.454212695       3.68794966       1.43735027    
  -1.62594938      -3.02555203       3.80494475    
  -3.00534391       4.47845936       2.00982189    
  -2.46538210       4.59708261     -0.285515755    
   6.67026266E-03 -0.532806516       1.06762183    
   4.60532522      -2.88496113       2.30440331    
  -4.63530970       4.87982035       2.45008039    
   3.97232413      -1.57918489       2.38468003    
  -4.99825478       3.08131266       3.32360244    
  -1.15209711      -1.13530838       3.67538500    
   4.67203808       1.39531457      -2.93649650    
   4.86643314       1.68261909      0.492663085    
   2.99391842       3.61483288       1.77974570    
  0.324624151      -2.28891850       3.53667951    
   2.38902450       1.94666660      -2.55875301    
   1.66135621       1.64022017      -2.09689331    
   2.34556675       3.93247366      -2.95697117    
  -3.36024833      0.513179123     -0.812919736    
  -2.39301729       3.63533545       3.22601914    
  -2.91481209      -3.51956797       2.35344672    
   4.80311346      -4.64282894      -1.70925669E-02
  -1.46765494      -2.60841823      -2.20889163    
   1.42155218     -0.356731921      -3.70918989    
  -1.36219764      -2.01567554      -3.62834358    
   3.45441103       4.75358391       3.28398085    
   6.10240772E-02  -1.64664686       1.45424080    
  0.714435518      0.404275835      -4.96490574    
  -2.84154439       4.05706549      -2.55595279    
  0.104884930      0.554633975       2.81569576    
   4.21015263       4.99591494       3.87621447E-02
  -2.13408542      -2.57906008      -2.53724408    
  -4.88686800      0.812595010      -4.56205273    
   2.53756356      -4.61509943      -1.65638280    
   1.92460871      -4.46323586      0.391011924    
  0.848583579       1.29506624     -0.971388221    
   4.39590454      -3.70519519      -1.54836929    
  -2.19992709      -4.71518673E-02  -2.82697582    
  -3.32921386      -1.14624560       4.80058241    
  -3.37643576      -4.64251471      -1.13350689    
   4.11064243       4.18341112       4.80070591    
  -3.15900898       4.39357758      0.326852679    
  -2.75309920       1.11338234      0.115881443    
   1.54537594      -4.69265556      -1.41924953    
   1.79061151     -0.591929197      -2.99704266    
   4.57277155      -4.77867413       3.77771568    
 -0.729428053       1.20600927       3.00306249    
 -0.226183355      0.342813194      -7.59601779E-03
   2.10743070      -3.02578521     -0.844595194    
   4.93045950      -4.70462322      -4.05386305    
  -1.57036078       4.49344254     -0.642593205    
  -2.61011529      -1.66536880      -3.20755911    
  -1.06426561       3.39809012      -2.87711906    
   3.26482844       4.33439636      -3.77239108    
  -2.64723992       4.71678686      -2.43750381    
   2.67135882      -4.47202206      0.719838798    
 -0.267467171      0.223175719       1.18261397    
 -0.842731893      0.351759791      0.215724349    
  0.877816916       2.20709372      -1.02814043    
  -1.64976847      -3.19506621      0.533216119    
 -0.779889047      -1.94572723      -2.04336500    
   2.22960854      -2.48511553      0.508662581    
  -2.90062189       2.77784204      -4.83913946    
  -4.67597580      -2.10258889       1.00934887    
  -4.13561630     -0.756079197       3.06147265    
  -4.96033049       2.50972533      -4.24329424    
 -0.554223061      -3.59601808      -4.11995697    
  0.473068684      0.203983277       4.26251507    
  0.443849951       3.65363264      -1.25626707    
  -3.88078237      -3.71056437       2.14545870    
   3.38127971      -4.18875742      -1.27260530    
  0.917614341      -4.80008030       1.18679667    
  -2.16303444      -2.81692219      0.974326491    
  -3.28406239      -1.61295247      -4.64239693    
  -4.14979267       3.82991910       3.39892554    
   2.93987632     -0.811799765      -4.53506708    
  0.171370402      -4.64251563E-02   2.04303908    
   4.68491459       1.46899700      -1.67285252    
  -3.82748771       3.69524074      0.949231625    
  -2.68707728       1.84401596     -0.841149628    
   4.75674009       4.59025097       1.65426981    
  0.336530775      -2.73151445       4.51344156    
   2.87572455     -0.906698287       2.44305968    
  -4.77692223       3.95591116       4.79929543    
 -0.373409659       1.94571674      0.581622779    
  -1.77900553       1.26861858       1.15336978    
  -2.68173957       2.69196868      -2.86008096    
  -4.92187881       3.50093961      -2.75881004    
  -4.97611856      -1.59312510     -0.458130747    
   4.20893621     -0.207333967       2.32312727    
 -0.281006783     -0.836799085      -2.07344675    
  -1.12706745       1.60260141      -4.37948322    
   2.95444608      -3.20784521      -4.52092314    
  -4.86420870      -1.82977390       1.95475316    
   1.05329311       1.27605915       4.95725155    
  0.908036768       4.24819374       1.95177197    
  -4.77878189      -3.05504107       4.72431183    
   1.55709147      -3.85597515      -2.04447317    
 -0.982969463       4.10685110       4.40026140    
  -8.46145153E-02   1.71929467      -4.95298529    
  -1.48234558       2.95499420      0.619485021    
   4.51334906      -4.49090576       1.23148632    
  0.639146149      -1.80828631      -3.58808374    
  -1.24730158     -0.202148467       3.72617745    
  -1.99229956      0.748420894      -3.87316155    
   2.95200014      -2.79587245       3.54344082    
   1.28955674       4.53945732       4.45675945    
  -1.27497888       3.26964092      -3.61928034    
  -3.24743342      -3.93277383      -4.66390419    
   1.91593277       2.96513677      -3.09645748    
 -0.499987602       2.10413527       4.39315224    
   1.93509436       3.82676435       2.25064993    
  -1.47808266      -2.05446076      0.429420888    
  -5.21227941E-02   4.93686819      -3.01898837    
   2.08895636       1.69197297       1.68010783    
 -0.758160114      -4.21731234      -3.45462132    
   3.92805338      -4.65407705       1.99000430    
   2.87663746     -0.728649259      -1.30358243    
  -4.24126339       4.27661324      -3.36362100    
 -0.925217509      -3.87621164       2.88139319    
  -3.91437316      -6.14194050E-02  -4.11939240    
  -3.06808043      -3.17743421      0.360678375    
   1.56976521      -3.69346046       1.70917809    
   4.20239353      -3.53298855      -4.39663219    
  0.220249459      -2.12100077      -1.29507172    
  0.236292064       1.38675785       1.90684497    
   1.85594416     -0.329157293       3.82779241    
   1.71276021      -3.87499952       3.17250276    
   3.28996015       1.75588977       3.05441427    
  0.208550274       4.07970524      -2.34266162    
   4.89686012      -3.87087536       4.54222441    
  -7.85743147E-02   3.64247227      0.314634681    
 -0.528984666      -2.75346518      0.801353276    
  -2.60927343       4.03346491       1.48801720    
   1.40163112      -3.39755988       3.29164267    
   3.54472637      0.962478459      -1.69962347    
   4.55055237      -3.49290204     -0.494578451    
  0.187087879       1.19600892      -3.11355472    
  -4.76882792       1.25936508       1.62751448    
   1.35129964     -0.247967884       4.87733316    
  -2.96519327      -1.81720054      -2.20050573    
  -2.78687406       1.43159378      -4.48485708    
  -1.66386068       2.45631433      0.823059261    
 -0.747759104       2.19068480       1.37574720    
   4.20571280      -4.40118027       2.79934931    
   2.26303411       4.64459896       3.25447130    
  -4.66630888       3.92047739       2.26615357    
   9.31918621E-02   2.50245333      0.723798156    
   3.54038072      -2.44798708     -0.536773086    
   3.67810321      0.787074208       1.18205392    
  -4.66038465      -2.85113668     -0.216907799    
  -1.11904633      -4.90517473     -0.396033764    
  0.809212267      0.734561980       2.38099670    
  -2.76692343      -3.14477968       2.54324302E-02
   2.49597669       3.99994493       2.91349125    
  -2.17079854       3.32842088      -3.43903542    
 -0.134932190     -0.499707967     -0.983663201    
  -2.61817598      -4.71290588     -0.296267629    
  0.555029809       5.40909022E-02 -0.932347536    
 -0.385135531      -2.03567076      -2.93981910    
   3.33686852       1.86616910       4.50818205    
   3.30661678       3.01044822      -2.18451262    
  -3.85697055      -2.75353837       2.13690877    
  -3.35597658      -1.71269023       1.92949188    
  -2.38855433       3.21857333       1.42348039    
   1.11016989      -2.28203583       4.27984047    
   1.84503543       2.59744334      -1.86100388    
   2.80859256      -3.25430918      -1.64933121    
  -1.61129296       3.62575340       4.80178881    
  -1.74219358       1.06519306       3.57424808    
   2.08064699       3.28602433       3.75345850    
  -3.52739620       2.18194890      -4.01879168    
  -2.11630058      -3.36311173      -1.32408929    
   3.37538648      -2.33400273       2.38015580    
   1.01538968      -3.01631331     -0.279448062    
  0.263046533       2.25333738       2.77775812    
  -4.15963125       1.38531935      0.981420994    
 -0.284074634      -9.09580141E-02  -2.41040516    
  -4.65858555      -4.98958302      0.764263511    
   3.56288004      -3.88585234      -3.39339256    
  -4.24640894      -6.18717074E-02   4.67629051    
   4.53843784      0.343615383       2.55239534    
  -4.67141628      -2.42027044E-02   8.69872868E-02
  -2.83951712      -4.63833284      0.558643699    
  -4.53758001      -4.42127991       4.51302624    
   6.00500479E-02  -4.71957779      -2.53194737    
   2.91585064      -2.80137658       1.14012325    
  0.690680265      -3.81944561      -4.93676758    
   4.95279026      -3.98255563      -2.29107523    
  -2.85629702      -2.93067789       3.49728751    
   1.60890985      -2.60661077      0.243643880    
   1.97381437      -4.75379038      -4.75589037    
  -1.86403215       2.12245011       3.65178990    
   1.03371632      -1.30226564      -3.99949241    
 -0.334500849       1.09387958       4.86353922    
   1.65103829      -3.06362772      -1.83286643    
   2.60855150      -2.42117763      -2.54812884    
  -1.76172876       2.96325088      -4.46014118    
   2.75192833       1.40448737      -4.08885098    
  -4.26222277      -3.64258027      -4.44874763    
  -3.68705106       2.91295862       4.20032549    
  -4.15225029      -1.98334122      -1.52568197    
  -3.42685676      -1.13989294     -0.800266087    
  -4.74518108       3.09070516      -2.48254466    
  -2.99384594      -2.46757793      -4.25706244    
  -4.91239357     -0.153001323      -4.29389572    
   4.95113373     -0.593525469      0.718498170    
   1.25194991     -0.517305017       3.98574114    
  -1.57745981     -0.813947797       2.33256292    
   4.51991320       1.78318083       3.26814079    
  -4.44690418       2.50616193       2.87688088    
  0.400200129       3.80097389      -3.28466964    
 -0.149641529       1.14038754      -1.91883779    
   1.14185929       4.13386631       2.78627968    
  0.821604311       2.64898705      -4.64455271    
   4.14074755       2.69658589      -2.89912200    
   1.19356155      -3.77847403E-02  0.691275597    
  -1.21154809     -0.934336960      -2.01724887    
  -1.91469193       2.98214865       3.61299825    
 -0.339960694     -0.624536395       4.38326263    
 -0.178631395      -1.86467254      -1.99437380    
   2.16853166     -0.954328001       3.80902410    
   4.03523779       3.00374699       4.44041395    
   1.55481815     -0.392986208     -0.777653992    
   1.23332787       2.87306285       1.83843434    
  -3.95745897      -3.51386452       4.49642754    
  -3.53782582      -2.65255928      0.138111323    
   2.55949974       2.98511076      0.710568845    
  -1.12764323E-02  -1.33918464      0.990750253    
  -3.87377214     -0.328444511      -2.23082066    
   2.85373783       3.03360367       3.75137949    
  -2.04718947       2.94355798      -4.06164932    
  0.649397910      -1.81935704      -4.34613132    
   4.46925306      -1.42291963      -3.30976462    
   3.99074268      -3.75083232       3.70210600    
   2.04598880      0.848859310      0.651474595    
   4.60087109      -3.50456810      -2.68476582    
   1.57276177       4.54746437       3.83130503    
   2.80217266       7.83218518E-02   4.31692457    
  0.901134968       3.81440115      0.309211731    
  -3.49135637      -4.19916153      0.477222353    
   3.33436346      -3.42962384       4.73435402    
   4.76978683      0.797711730      -3.95433879    
  -2.34221411      -2.56151962      -1.86110532    
  -3.98669910      -4.41516161       3.28471470    
 -0.754191101       2.13879466     -0.806323886    
  0.842216372      -2.57490087      0.401392132    
 -0.303487688       3.16651225       2.72076273    
   1.92547524       4.42141485      -2.33852029    
   1.37069750       2.08382010      -3.63891530    
  -4.61741972      -1.76678491      -3.17425394    
 -0.127797335     -0.829872251     -0.242346525    
   3.30885696      -3.72231126      -3.80327797    
  -3.57997727      -4.53871822       4.03788233    
   3.58775949       2.89757895      -2.00284314    
   1.38186097      -2.12210059       1.26619756    
  -2.65834403      -2.69763422      0.814066350    
   2.52774954       1.08130527       3.15101576    
   3.37345958       3.37403226     -0.702720523    
  0.532343209       2.54656124       3.00711584    
  -3.01784396       3.81939173      0.834493697    
 -0.863935351      -1.42167723     -0.643601239    
  -4.14357996      -2.86115432      -3.58839726    
  -4.59063959     -0.227097020      -2.18979955    
  -4.49144220      -4.82614088      -4.94709921    
 -0.992522657      -3.33140540      -1.52402890    
   4.68049431       4.49943018       4.32569313    
   3.04706621      -2.82719660      -4.69688028E-02
  0.509296358      0.447688401      0.659999847    
   2.64565110       2.59878397       1.79169297    
  0.194335341       4.32310534       2.63377714    
   4.20553780       1.85837293       2.88249278    
  -3.94327664       4.89046192       3.41457248    
  -4.45474720      -4.55516195      -4.73329163    
   1.66622436      -2.57356906       2.34267378    
  -2.68726254       3.37029648      0.135152429    
  -1.44608593      -3.82340670      -4.66045904    
   3.66744256       3.38305736       3.92992735    
  -1.01840770      -4.15779686     -0.285129517    
  0.930843949       4.68900919      -3.99446988    
  -2.51851797      0.682010472      -3.42740250    
   4.41017485     -0.465379477       2.94997025    
  -4.75974846       2.35774589       3.86927366    
   1.77692199      -4.54062700       1.26963115    
 -0.385123491     -0.915048122       3.91242576    
  -3.28988862     -0.381784201     -0.406629890    
   3.83760905      0.733723283      -2.51705956    
  -2.54462910      0.278456569       3.49548006    
   1.61652362      0.284475505       2.44970703    
   3.21085739      -1.56136119      -2.23531985    
  0.686935961      -2.11698127     -0.999686003    
  -4.73758936       3.06510544       5.16666509E-02
  -2.30358911      -4.89572191       1.04433537    
 -0.184933960       3.61595440       3.65188503    
   4.25058317      -1.66319084      -2.08125544    
  0.248751149       3.92422438       3.44250631    
  -1.95870364      -2.79623222       2.34484935    
   2.85255146      0.373686045      -2.82878685    
 -0.104045011       2.91073012      -4.27200985    
  0.874538720      0.448434740       1.37541902    
  -3.94439316      -3.55087376       2.75700116    
 -0.670804024      -4.71954060       2.96893597    
  -4.11074162      -1.70998895       3.65246511    
  -3.11564302       2.81078506       1.73870540    
 -0.261973262       2.16999316      -2.63420057    
  -2.29001594      -4.41049099      -3.05983233    
   3.41095710       1.11327231      -3.59638405    
   3.23357654       3.52140975       4.77983475    
   4.22633934      -1.36932015      -4.11805344    
   1.66089475      -1.11180425      -4.54980183    
   1.02069259      -4.27054262       4.82890224    
   3.96295357      -4.23555136       1.24715257    
   4.17008114       1.36609888       1.24360752    
   3.97426319       4.72768211      -4.27629614    
  -2.29959702      0.447063446      -1.64468062    
  -2.40229225       3.79963183       2.86536264    
  0.364011705       1.70530951       4.13475323    
   4.98836136       4.38289547       2.46200085    
   4.60206699      -2.98872519       1.06873071    
   2.88361359       1.56968570      -1.57023525    
  -1.42453063      0.391705036       2.49965358    
   1.22367370      -4.67225742       3.88403845    
  -4.21784306       3.11848783      0.498076260    
   4.38890743      -3.19691253     -0.378827423    
   1.52148426      -1.86129320       3.38797903    
   1.22628534      -2.97132897      0.602032006    
  -3.23270321     -0.621312082      -1.63430786    
  0.332923740      -4.97649240       4.93220949    
   2.09294558      0.958759189      -2.92619157    
   3.81830621      -1.36505044      0.444596231    
  -4.47414875      -8.31585899E-02   4.15403509    
  -1.17369282      -2.18581986     -0.832146704    
   3.97722030      -4.16398096     -0.292713016    
  -1.61821115      -1.16044700       1.21845388    
  -3.17730427       4.78578329       2.10498095    
  -2.78292465      -3.46076393       4.17687130    
   4.48875618       3.64593339      0.840877414    
  -2.20108700       4.62694550      -3.47749758    
 -0.154548600       4.73454046       2.31791139    
  0.836735249      -2.98289704      -1.78502512    
   2.79198401E-03  -2.91659546     -0.996922135    
 -0.799447000     -0.945835590      -4.71815634    
   9.83264074E-02  -3.38709021       3.29025364    
  -2.42397428     -0.523527086      -2.60069299    
   3.44237876       1.63375139      -4.02622366    
  -2.20771766      -3.96992636      -2.41683078    
  -2.03705072      0.249036893       4.83497143    
   2.84853935      0.408080995      -1.86364090    
 -0.525187612      -1.23803890      -4.77811480    
  -4.93055582      0.775834799       3.54761243    
   3.96930623      0.697433829     -0.543926716    
  0.945336998       1.36677909      -1.35082197    
 -0.558501899      -4.93291473       1.64858496    
   4.37001133       4.48041677       1.98076737    
 -0.131511793      0.969059527      -1.41791058    
  -4.66638184      -3.85382175       2.90870905    
  -4.66290522      -2.59833765       2.71404982    
   4.34159756       2.61086631       1.57206261    
  0.445982307      -1.14974368       3.42460465    
  -3.61319351      0.781387150       2.42587090    
  -3.45459533       2.86110830      -1.96161115    
  0.833349645      -1.69096601      -2.76820588    
   4.54229212       4.78733683      0.969462335    
   3.37313914      -4.22356606       3.72325206    
   3.17890429      -4.19156361     -0.115346730    
   2.45690465      -1.99690068      -1.21673691    
  -2.21613932      0.571488440     -0.407361060    
  -4.16602707      -2.67884588     -0.699928999    
 -0.425328970       4.27840137      -4.41082764    
   1.35434628      -4.66160297      -1.61709964    
   1.11590457     -0.567358077       1.90365696    
  -1.93949151       3.15328526      -2.52092576    
   3.56997108      0.816121459      -1.56940472    
   4.41029358      -4.44512224      -1.33397639    
   3.49911046      -2.26568127       1.37285352    
  -2.70315146      -1.83560479       2.98663664    
 -0.623782456      0.922680438       4.70351410    
 -0.245776087      -3.00688982      -2.82930207    
   1.65097868       1.89916790       2.85537601    
  -1.46450305      -4.92675304      -4.75292730    
   2.29041886       2.50868583      -4.62913132    
  -3.64530134      0.478050262       3.61481571    
   4.10241699       1.08052778       2.29450297    
  -1.09628117      -1.83396840       3.10697436    
   4.95103216      -2.63153887       2.21146083    
  -4.02601814       1.20339608      -2.09149408    
   1.84324992      -3.98222208       4.46672487    
   4.99511147      0.927494526       4.77251816    
  -3.01657724      -3.37082195      -4.95019197    
   3.76075029      0.658672452       3.93234825    
  -3.23715734      -1.31810796      -3.99707603    
   3.31137109     -0.284786731      0.970294595    
  -4.49840927      0.952309728      -4.47266722    
   1.84640741      -3.40656137      0.874175429    
   1.28271759      -4.05744123      -4.14228344    
   3.98517895      -3.29826212      -4.28501749    
   1.59058475      0.458838850       2.24398637    
  -1.72322083      -1.60317624      -2.60282731    
  0.182652742      -3.15150690      -2.58263779    
  -1.18213451       4.91784048      0.684619904    
   4.36514854      -2.87243295      -3.20840645    
  -1.39765012      -3.67168903       4.16964054    
  0.971837699       1.96567559      -4.15931845    
  -3.24517703       4.19655889E-02  -2.72103119    
  -2.75054798E-02   1.94788706     -0.664581299    
   3.97138834      0.384042859       1.05685914    
  -1.03032339       3.76457286       1.06475663    
   1.16425407       2.67992401      0.555274904    
   4.57683992       1.02861500      -1.41499722    
  -1.32866204      -2.70423603      -3.07356119    
  -4.28909922       1.22946143       3.32812071    
   4.10658550       2.67808700      0.253557503    
 -0.845144212      0.574473500      -2.05693650    
  -3.74775791       1.50491929      -2.72468734    
  -4.40180206       4.23918390      -1.93415356    
  -1.45922649       4.67183828      -1.99913192    
 -0.344860762       3.85657907       4.72363663    
  0.665857553     -0.509472013       3.91745758    
  -1.81183589       3.63117814       1.78289402    
   4.01768780      -4.64931870      -3.19099379    
   1.98641098       4.65370226      0.457245976    
  -1.75046349      0.694722116       1.98164070    
  -2.44565535     -0.923546493       1.24165666    
  0.794992208      -1.26650190       1.66961873    
  0.487470001       2.45707321      -4.56526613    
   3.27882338       1.44289041       2.59166670    
   4.34952211       3.05773830      -1.83051419    
  -2.21575379       4.75439453       3.65175629    
   3.88801289       4.41006994       2.45045209    
  -3.93727446      -3.24036813      -1.97491395    
   3.70842695      -3.31398320       2.11404777    
   2.74656868      -3.69385004      -4.62519789    
  -1.02156270       2.44353032       3.09616590    
   1.75834417       1.12000453       3.95686364    
  -2.27091527      -1.37487936       3.34870219    
  -2.71820927       1.62549257       3.72903061    
  0.403523415      -1.25548947       4.88865662    
   4.80105734       2.00701761      -2.41930413    
  -2.74527025       3.20495963       4.58160925    
   2.71283507      0.236212239       1.04581559    
   3.82456064      -1.79008675      -4.55158377    
   2.01671958      -4.30417919       3.76532865    
  -1.71632874       3.57686496      -1.80649757    
   3.65706563     -0.500847399      -8.91403109E-02
  0.700930893       3.13623714       3.71496272    
  -1.28006876     -0.188200325      -3.72847581    
   2.06595397      -2.14902163      -4.68990612    
  0.301697493       3.15152240       1.23939109    
   3.90864468      0.734492242       3.37873220    
  -4.47013950     -0.892817199       1.54626787    
 -0.854392707      -4.99079800       3.81837487    
   4.89277506       1.16719997       2.21650529    
  -1.18723929      0.174372658      -3.22130871    
  -2.00922036       1.45709109      0.459590405    
  -3.33209229      -2.56777859       3.28495741    
   1.74144030      0.871937513     -0.643628955    
   1.05845511       4.67716599      -3.04505730    
   2.16142440      -1.71234965       2.91286016    
   2.08102846      0.533034265      -3.24972606    
  -3.72842216       4.99482012       4.50524473    
   1.70615208      -4.60624123      -3.84176564    
   1.42491293       4.27284956      -1.17401457    
  0.265815347       3.84572768       1.83177149    
   1.02797616      -1.98704433      -2.17217422    
   2.09451246       3.01686287       2.39492631    
  -3.59273887      0.268665969      -3.65518546    
   4.92257643       1.04308307       3.21117353    
   2.93262196      -3.73597455       4.12382412    
 -0.447822630       4.31554794      -3.37602687    
  0.133177325      -3.06724977      -1.97348833    
   3.54379392      -4.26359272      -4.58377028    
   2.91756511      -2.20865655      -3.41736150    
   2.87300706      -4.76419640       2.90632772    
  -3.25247049      0.307071447     -0.102079049    
  -2.65987849      0.243471846      -2.03469920    
  -1.66001964       1.44433582       4.28491354    
 -0.942478180      -3.07913232       4.87435055    
 -0.931243777      -2.52425790       1.48671544    
  -1.20734644       4.80623674      0.451330423    
  -2.04529452       1.95424700      -3.75706196    
   3.69192767       4.81204271      -2.19471002    
   3.90874195      -3.47024965      0.778518975    
  -3.10793114       2.04288960      0.730219662    
  -1.00959635       3.73540878     -0.815656841    
  -1.74224532       4.21286917       4.31661177    
  -1.87811112     -0.773456275      0.273501992    
  -1.09126461       2.70936298     -0.439168811    
  0.266672105      -2.20518422      -4.36415672    
 -0.656900585      -2.19014716      -4.33822632    
 -0.860632181      -1.94634068       1.52242041    
  0.464792430      -2.48543787       1.93578005    
   3.94881368       3.68453598      -4.57316017    
   4.85619783      -2.72078657      -1.90505111    
  0.727456093      -1.73192108      0.149483383    
  -4.23346710       1.23087299       3.75863147    
  -1.77726758       2.81787157      -1.75170374    
  -2.99731493       1.20129788       2.78645253    
  -1.98531377      -1.19316220       4.61518288    
  -2.01193213     -0.788416803      -4.04510117    
   1.05863357      -3.85278559       1.89447844    
 -0.472439468       3.13834190      -3.86516666    
   2.63706684      0.995440662       3.83248949    
  -4.56656504      -3.31905389      0.382226616    
   3.43256402       3.41245818      -3.62873125    
   3.00060606     -0.938033283      -3.92791462    
  -3.70773935       1.04836810       1.21028173    
  0.687725365       1.33551049       3.54779959    
 -0.629018784      -3.28580141       1.67276442    
  -3.46627522      -2.60274029      -4.97586489    
   2.30625176       4.73834181      -2.71038079    
   4.03507710       3.02683306       3.83393312    
   1.33944988       3.55321908      -2.89307213    
 -0.242135137      -4.17469406       1.60752511    
  -3.46004653      -1.60566235      -1.72076225    
   1.44713140      -3.60954165       2.23519897    
  -3.10875869      -4.45049381       3.55821180    
  -4.73892450       4.45087290      -2.07903290    
   3.22141266       1.83175600       3.71337748    
   1.62571979      -1.17619562      -1.07534111    
  -4.76212120     -0.389349580      0.295145929    
  -3.99723959      -3.36107373       1.28521848    
  -3.34510922       4.77967501      -4.46677876    
   4.50608444       2.42265439       4.43564701    
  -1.06038713       4.67719793      -2.34875512    
  -4.72993612      -2.36211729      -1.05323422    
  -2.73503089      -1.53037667       3.72379661    
   4.18168068      -4.29449129      -2.86128163    
   4.93667126      -1.48718417      -2.75269699    
  -1.71482778      -4.24241066       3.68848252    
  -1.44760895       2.62641072       2.08674455    
   2.08783722       4.19621849      -3.26947284    
 -0.389411092      0.182581991      -3.48616648    
  -4.80868626      0.648427248      0.578644335    
  -2.06405640      -3.12849712      -2.03824449    
  -3.44554973     -0.930013418      -3.08062983    
   1.73062229      -3.77672601      0.230128139    
   3.37086725       4.82227707      0.270235896    
  -3.23587418       4.05416918      -1.55555296    
  -2.54147291      -1.81275868      -3.48240733    
 -0.620494664       2.30713868       3.35391116    
  -3.30380177      -2.13060737       4.40588522    
   3.81022763      -2.91538382      -2.67253780    
   3.32468176       9.89929885E-02 -0.122345954    
  -1.99492276     -0.205612302       3.13078427    
  -3.02967048      -4.32981491      -1.27014720    
  -4.67349577       2.77169967      -3.27754402    
  0.703321218       2.22654080      -3.50986385    
   1.05036962       2.35675550       1.45718050    
  0.690033853       4.69874525      0.898974836    
  -2.92148852      0.400397182      -4.97576427    
  -1.20782542       4.99273491       3.02769351    
  -2.56530452      -3.18089581      -3.56891084    
  -2.70523453     -0.233774036       2.04099584    
   3.28164792      -1.30880916       4.49581242    
   2.38018775      -2.24827766       3.84562302    
 -0.123145804      -4.58436489       1.22855330    
   3.06945086      -3.32348776      0.146258742    
  -3.52747250      -6.17151968E-02   2.22231150    
   3.89106631      0.256553978      -4.68220139    
  -1.91149163       3.88750839      0.431194961    
  -2.31947803       2.33429037E-02  0.260343760    
  -1.47506261     -0.392593324      -4.33696604    
  0.350683421       4.03233576      -4.71864510    
  0.358981460      -2.26712990       2.28890967    
   5.47085777E-02   2.72966528      -2.42642140    
  -4.54558563      -3.66172409     -0.882724345    
  0.141853571      -3.90550828      -9.30112228E-03
  -2.88214199E-02   3.06283092     -0.814825237    
   1.93564093       4.09458685       3.82798314    
  -4.34734678       2.50747991      -1.16193902    
  -1.23886144     -0.168991208      -1.76132560    
   2.21278000       1.28820157       4.88482141    
   4.52112103      -3.52927375      -4.58054113    
   1.79410672       2.41149545      0.206792712    
 -0.416890174      -4.83194733     -0.526978135    
   4.29870081       9.11726430E-02  -1.77324128    
  -2.92429733       2.45355535      -3.33070612    
   2.34309697      -4.20684958      -4.95995998    
   1.66259861      -2.80246496      -4.08365965    
   2.81210399      -4.97798252     -0.966306925    
 -0.881591082       3.30256391      -4.81469774    
   2.61036396       3.20165014      0.134251684    
   3.22941780       4.47183561       1.52890813    
  -1.34261835      0.488473862      -4.88476086    
   1.53916240       2.05618262       1.26394796    
  -4.15246344       3.41533422      -4.34241343    
   2.12948418       3.18574071      -1.31895971    
  0.175771028     -0.527929664      -4.04826498    
  -1.51206005      -1.85219204       2.52162910    
  -1.64604938      -1.89815307       3.74738789    
 -0.517626464       1.15366900       2.15272975    
  -4.38419199      -3.82621646      -3.95959139    
   1.87378693     -0.912101507      -2.23529577    
   1.62220609       3.51206326      0.851946890    
  0.589836717      -4.25004244       3.22248602    
  -4.26897001      -4.62409735       1.44212294    
  -4.98254919     -0.845357060     -0.921975195    
  0.670697987       2.73202127E-03 -0.748859107    
  -4.55819607      -1.79355764       3.72370648    
  0.431776643       3.47386789      -4.29504108    
  -3.11257577      -4.12815952      -3.46324301    
   2.58556628      0.848605514       2.53648686    
   1.35089624       4.43070650      -4.54774427    
 -0.192293704       4.53881693      -1.08617258    
  -2.67727590       1.65434790      -2.89730024    
  -4.72522306      -1.87863410       2.58098698    
   4.04798555       4.43316412      -4.78672028    
  -4.47009754      -3.95255709      0.948081672    
  -1.71160948      -4.41452646       1.78002906    
   4.69339418       3.50193095       2.96618772    
  0.134891257     -0.806913853      0.317752391    
  -4.77839518      -1.17945254       3.46065909E-02
   1.00490546     -0.454779714       2.83001423    
  -4.70849609      -2.55696988       4.77752304    
  -2.33258867      -3.31613302     -0.524973929    
   2.45772171      -1.77058566       1.15571547    
  -4.45732689      -2.71736574      -2.44294477    
   3.97016358       4.79478645      -1.40245867    
  0.658980727      -2.99126101       1.54006302    
  -7.79356137E-02   4.59783888      0.371155500    
   3.02186894      -4.85761356       4.28820515    
  -3.04229593      -3.05424070      -3.18792152    
  -1.04536377E-02  -1.23324060      -2.70414805    
   1.80818200       2.78705978      -3.99408388    
  -3.23065019       2.72085881      -1.02486503    
  0.548311353      0.743130744      -4.15326643    
  -2.01084137       3.30293250       1.09255111    
   4.08635616      -4.14151001       2.51404572    
  -1.84831381      -4.65858078      -3.98210812    
  -4.60367775      0.883741021      -3.26482153    
   3.24924517       3.36760497      0.182686955    
  -1.42309833       1.47852528       2.55315399    
   3.87513852       4.69689894     -0.437756896    
   4.99958086      -1.09505153       4.14812469    
  -2.65972018      -4.97439528      -4.56215286    
  -1.30497932       2.52901506      -3.09720707    
  0.873808444     -0.495844424      0.958429575    
   4.16268158       2.98625493       2.61901999    
   2.42405581      -3.20374846      -1.72183728    
   4.90720463     -0.361260295       3.92014241    
  -4.06739426     -0.404111505       1.64747143    
   4.30988932       3.60785890      -2.38069010    
   2.01275468       3.52500391      -1.96375978    
 -0.139762789      -4.49854565      -4.76707506    
   3.03896642      -4.63432264      -2.22090149    
   2.28436899       2.34651017       4.70511246    
   4.31840420     -0.957258165      0.518807113    
   3.15537262       4.03845024      -2.64092517    
   3.70128632      0.748138964      -4.92294121    
  -2.54441071       4.34767818       3.95574212    
  -4.94738054      -3.83128881       2.01385880    
  -2.59301472      -3.43141818       4.15173769    
  -4.58882856      -4.70086193      -2.45617294    
   1.45278764       3.81640100      0.931602776    
   3.58637381      -1.35502183       1.74602401    
  -3.97080493      -2.12737703       1.59528330E-02
   4.83876610     -0.744310319       1.95094764    
  0.430326045       4.65776443     -0.303497732    
   4.08127546       3.50932693       2.48151183    
  -1.02292693      -3.09340787       4.24245024    
   3.60195804      -4.39052057       3.96320319    
   2.32467413      -4.52705193      -3.33309317    
  -1.73950899      -3.79020476       1.18123293    
  -2.94266510     -0.558912516       3.87648511    
  -3.22109437       4.11227512      -3.40483189    
  -1.06344795       4.25668240      -1.32109857    
   3.20549130      -3.49804044       2.32651305    
  -3.14723539      -3.89664030      -2.54431677    
  -2.58628488       2.26088905      -2.30326486    
  -4.79693747      -4.64017725     -0.692068100    
  -3.13856483      -4.85193157      -2.41808796    
  0.440950125     -0.718677461      -4.74180317    
  -3.24651122       1.72151351     -0.282914400    
   4.47549391       3.89576721      -4.52547693    
   2.64562583       2.18297172      -2.10702848    
   1.58154178       3.56192660      -4.01343822    
 -0.611182690      -3.68400598      -2.32950592    
  -1.55045533       3.15544605     -0.653485835    
  -2.71251011      -2.07441807     -0.439187616    
   4.53390455       2.39199638      -6.28743619E-02
  -2.38019919       2.51475501       2.97361755    
  -3.77508593      -4.83463383      0.452161819    
  -2.64510036     -0.643355727      -3.46954370    
   4.94594574      -1.80779839       3.56361723    
   1.62260473       2.43889713       3.27776694    
  -4.23065138      -4.38281298      -3.22161841    
  -3.64461446       1.68765366      -3.65048122    
 -0.632755220      -4.60152340      -4.08895779    
  -2.06937909      -4.84213114     -0.968424916    
   1.49290860       2.12797403     -0.807800055    
 -0.385842025      -1.09985161       2.41047025    
  -4.64043999       1.54281271      -2.58720732    
   1.66459477       3.35019588     -0.473415613    
  -3.71249962       3.55470920      -2.29753661    
  -3.84908390      -4.35632801     -0.420720309    
  -1.56756878       4.80953217       2.14841056    
  -1.30930841       4.24662066      -3.22844839    
   1.40209448       2.81059289      -3.09558082    
   3.19831514       2.91914392       1.18542826    
 -0.795260906      -2.69624615      -3.41995955    
   4.78925705      -2.20247507      -1.33187687    
  -5.49667068E-02  -3.45424819      -3.69901800    
   4.51564741       2.54577637      -4.90204716    
  -4.34782410       3.74385881      -1.31045246    
  -9.19783041E-02   2.60266519       3.89217639    
   3.21345496     -0.390089363       2.51507378    
  -4.83200693       1.64320266       1.85240793    
  -4.75571108       2.56069922       2.15918660    
  -2.86848140       2.47491741       3.46927428    
  -4.32527590     -0.594124973      -2.18635798    
   4.47642517     -0.561288118       4.91848564    
  -3.82126284       3.92082286     -0.810490310    
   3.14359760      -3.48908663     -0.954084516    
   4.73253393      0.807899892      -3.85260396E-02
  0.686281025       2.40872359      -2.05786967    
 -0.833151758      0.767182469      0.928274155    
   4.46105623       2.88550711      0.913372517    
  -3.59912205      -2.19964862      -3.66145611    
  0.433869481       1.22504342      0.938108087    
  -3.68173695       4.13175726      -3.20693469    
   2.15542102      -4.96088600     -0.626015544    
  -4.80383301      -4.20864439      -1.83457732    
  -4.67250109      -3.26144576       1.49240828    
 -0.440982372      -1.47464752      0.626572669    
  -3.69016938E-02 -0.875793755      -1.32761919    
  0.308154523      -4.45260763      0.427343726    
   1.06381488      -1.89367020       4.51500130    
  -1.11981118      -3.48540330      -3.48310518    
  -1.14530849      -2.38917232       4.58079147    
 -0.746428728       2.46530581       4.88851404    
 -0.981950641      0.507747471       3.60765195    
  -3.06231475     -0.529597223      -4.97717047    
   1.43375945      0.565786719       3.71190190    
  -3.96979618       2.11424780       1.80618119    
  -3.76084280      -1.44543731      -2.14399457    
   3.00325131      0.997356474      -4.28737307    
   2.28275013      -1.31814003       4.50074482    
  -7.12846816E-02  -3.81442165       2.51506305    
   4.19353247       1.39573419       4.59027910    
  -2.84814072       3.84085202       4.70146990    
  -4.63739538       3.63833332       4.00965309    
 -0.484355211      0.873841226      -4.14270687    
   4.62257767      -2.55806589      -4.32162857    
   3.03196870E-02 -0.704975247      -3.32875443    
 -0.652523637      -3.10243344     -0.895110130    
   3.13854527      -1.00435817      -1.88004303    
  -4.21548223     -0.851131678       2.95383978    
   1.17987621      -3.34491730       4.50334740    
 -0.324787945       3.64986825      -2.79268932    
  -2.58073235      -4.26881409       3.65559506    
  -2.99075961      0.988579571      -1.19815171    
  -4.39005280       3.32986093       1.82784319    
  0.670594156      0.329445630      -4.86924839    
  -2.37896800     -0.834169984       2.77579951    
  -3.34673595       4.09511423       1.94864798    
  -4.82421923       2.92041492      -1.56512892    
   1.35323334       4.86921883     -0.123630956    
  -1.47141087      -2.76942921      -4.55595589    
 -0.187275603       4.96659136       4.56276083    
  -1.85200834      -3.74836326      -3.14656830    
 -0.187076136      -2.25525641      -3.70894742    
  -3.84129174E-02   2.17966652      -3.10162950    
   2.79775453      -1.80068648       2.92731762    
  -2.28688550       3.06167436      -1.57027674    
  -4.00569534       2.52215600       4.26871109    
   3.06948280       3.92873073       4.10251331    
   3.47312522       1.63538527       4.91760731    
  -3.91125774      0.181301713       1.15281296    
  -2.55059433      -1.73172247       4.65032482    
  -1.82799494      -2.65898108      -3.46339631    
   1.61391389       1.52748358      0.578100204    
  -2.76720119      -4.32595348      -4.87087393    
 -0.178834945      -2.41973734     -0.377776086    
   4.94315290       2.35604215       3.12822771    
  -3.91804671      -3.68814397      -3.15559053    
  0.869753480       3.09687614       2.29728246    
   1.77595806       1.05595028      -1.50167596    
   2.57677078      0.196497157       3.02214170    
  0.834812999      -4.71769381       2.19657040    
  -1.66057920       4.32253790      -4.20287371    
   1.28851247      -1.34296489       2.69795561    
 -0.968812227       3.92918944     -0.256140977    
  -2.45174146      -1.04785228       1.78048313    
  -1.47019136      -2.40986848       1.11082554    
  -1.80880237       2.76550293       4.32702589    
   3.41307354     -0.921280622      -3.10972691    
  0.473094702      -4.09967661      -1.05228460    
  0.626753151      0.893372774     -0.128297061    
 -0.301852345      -3.89437079       4.72400093    
   2.91268897      -3.90166950       2.68240666    
   2.10898852      -3.65388918     -0.446816176    
   2.58410835       4.09807825      -1.96598470    
   3.04468155       4.28154802      -1.21590209    
   4.75082159     -0.740013897       2.85122442    
  -2.07307029      -3.46981859       1.99971998    
  -1.51350498      0.652241528      -2.47389555    
  -1.70610821       2.26583862     -0.277756900    
  -1.54647517       1.62924194       2.65817165    
   1.20387781      -1.33060646      0.225671634    
   2.09443212      -2.76381350       1.94112515    
  -1.29570699      -2.58749771     -0.357323349    
   1.31393158       1.10143149     -0.397525370    
   1.36893463      -2.24498987      -3.77655935    
 -0.150996104     -0.408989131       2.25784469    
   2.22083497       2.14175487       2.82042551    
  -3.66140628      -4.74417210      -3.63526297    
 -0.750050724      -3.78574228      -4.28866577    
