  -4.96399832       1.84436810      0.509568572    
  -4.06481171      -3.75439119      -2.69166517    
   4.09117174      0.637498975      -5.43430001E-02
  0.991661549      -1.76219189       2.43586206    
   4.48377085       3.57119632     -0.274801642    
 -0.652048707      -1.68206632       3.31318545    
  -1.36792696      -2.88484645      -1.38483703    
  -1.44316316      -3.53637099       1.62791884    
 -0.698543668      -2.24403238      0.126087159    
   4.03269386      -1.96820128      -2.54091096    
  -1.05657780       3.02211332      -1.37602592    
  -3.70912328E-02  -3.76439214       2.88981271    
 -0.918343306     -0.816546023      -4.64420652    
  -4.73172903       2.49480176     -0.788796782    
   2.76362109       3.83794951       1.92094457    
  -1.20077491      0.668534577       2.00331378    
  -1.48626149      0.227661356      -1.83296478    
   3.01442599      -3.31867504       3.58466220    
  -3.33252931      0.589108467      -2.44761133    
  -4.36247540      -1.77918434       2.35216999    
  -3.91609168       1.30697191      -4.78235960    
   2.62269068       2.66528082     -0.349736691    
   1.28696096     -0.573844790      -3.57781911    
 -0.325812221       4.23635387       4.69989777    
 -0.361901939       4.51102352      -1.84192693    
  -4.56228113      -1.39249587      -2.43292928    
   1.88062501      -3.62793732     -0.328194141    
  0.109811977      -1.17975998       2.78863454    
  -1.69222879       1.11188233      -2.84215307    
  0.296862096      0.328135252     -0.244099453    
   4.37978220      -3.88802242       1.44232023    
   1.33208263      -4.15387678       4.57443142    
   4.33589554      -1.60494113       2.63965487    
 -0.875511408      -4.29383278      -3.12433338    
   2.52011013      -3.56913614       4.42982435    
  -2.25328660      -4.19315386       3.78617263    
   1.84783246E-02   3.64435172     -0.449632078    
   2.01938748      0.339885533      -3.07914042    
 -0.991390765      -1.52690470       3.98503661    
   4.46112299       4.38377047      -1.88835287    
   4.92387772      -4.06815434      -1.42902768    
  0.969187558       4.63134956      -1.19656074    
  -1.73095763      -3.60109186      -1.81075180    
  -1.70514274      -2.02825212      -1.15494502    
   2.40676236     -0.278295845      -3.64507031    
   2.31558681     -0.828374863      -2.81280565    
   4.26110888       3.13973093       1.42509711    
  -1.65054917      -2.38406658      0.932654321    
   4.82445192       3.06519651      -3.51438570    
 -0.275377065       4.75457716       1.20342088    
   2.98408294       2.73405671      0.816174209    
   4.91248512      -2.11915016       4.75288534    
  -3.90651488      -3.91309834       1.06769383    
  -3.87390304       4.38670206      -2.36731601    
  -1.70139158       4.58779049      -3.06760645    
  0.756210268      -4.86627102     -0.346464187    
   3.07596636      -3.12257123     -0.666238964    
   4.51068592      -3.89247870       4.34382725    
   4.67895031       1.21908772       3.75820637    
  -1.20823598       2.50964999       2.58396268    
  -4.61901236     -0.613817573       4.35275364    
   1.18439364      -4.61003017       1.02967727    
 -0.928849697      -4.55329180       3.85415459    
  0.625024915       2.12349701      0.987710238    
   3.25615811     -0.123438522       3.39617467    
   3.13880873       1.13342071      -3.41655540    
   3.44258404       3.55616474       3.55995274    
  -2.16319847      -1.75723624       4.68003130    
   4.45947742      -4.66202116      0.903279781    
   3.38751435     -0.384036243      -3.35082889    
   1.37772381      -1.53316796      -3.76549482    
   2.39714336      -3.02739859      -4.59149122    
  -4.77856874      0.651143551       1.52838516    
  -2.28778791       1.47910357      -2.04049706    
  0.284231752      0.754289150       1.11846423    
  -2.72581601       3.34256744       2.57524800    
   4.29993486       4.04103279      -4.83447838    
  -3.73788548      -2.80490208       1.81726730    
   1.49167156      0.329843462      -2.33712673    
   1.73819447      -1.07281268       3.43375731    
  0.609897673       2.10934401       4.86937666    
  -2.54137325      -2.84643316       3.89061880    
 -0.194106549       2.32500219      -2.88426280    
  -1.20110214       4.07194901       4.87715626    
  -3.18700075      -4.97578478      -1.58775139    
 -0.695612848       4.70852280     -0.184155703    
   1.05849051     -0.184588939       4.13983107    
   3.40884805      -4.88180208      0.401266932    
   3.98207593       3.94497633       4.03212690    
   1.27723944       3.87191939      -4.27457094    
   4.70120335       4.01950407      -2.90368009    
   3.39392638       1.76306260      -3.67363310    
   2.39447451       3.65269566       1.99925077    
   3.64771581      -3.10847449       4.90009928    
  0.794430017      0.131100982       3.00759339    
  -3.45077014      -4.44751072       2.14616489    
  0.355979204       3.78868604      -4.58883047    
   4.40406227       2.97565556      -4.85211611    
   4.81995821      0.100765437      0.761344671    
  -3.79221964       3.84941626      -1.28919768    
   3.24534965       2.96228790     -0.344229251    
   1.48426163      -2.31200981      -3.53104210    
   4.93817520      -2.49585342      -3.79785633    
  0.385955185     -0.310892075      -2.29829884    
  -2.23100710       4.68542480     -0.180147648    
  0.631461859      -3.10142612      -2.71069050    
  -2.59137964      -4.62720346      -3.00291824    
  0.360089183      -1.83229578       3.86077428    
  -4.68785143      0.817581713      -3.25219560    
   4.05525351      -4.97421408     -0.685087681    
  0.516583860      -2.81142807      -4.50927067    
  -2.50818563      -1.03065264     -0.378103077    
  -2.40897393      -3.14855075       4.69820356    
  -4.53057623      0.313712776       4.19434929    
 -0.855558038      -3.41456079     -0.382834971    
  -3.35323739      -4.30812931     -0.778433323    
   1.89390779       3.50193810       1.25927413    
   1.59893131     -0.831645608       4.58008718    
  -1.31329560      -3.89396715       2.49473667    
  -2.42766285     -0.449401349       2.10180259    
   4.77897739       3.43852997      0.999771297    
 -0.416831851      -3.46078968      -2.57004428    
   2.50200725       3.57330012     -0.884158909    
  -4.53190851      0.505788445     -0.140019104    
   4.36950779       1.67068863      -4.74690914    
   2.36875081       4.47673607       3.18652797    
  -4.83566713      -2.45393610      -1.66230762    
   3.33107519      -2.13813353      -4.95255136    
   1.39865077      -1.14384973       1.08141744    
  0.235132083       2.87042785      -4.56903887    
   2.65830064      -1.52755404       3.55961585    
  -3.33591366      -3.65888476       2.09298706    
  -1.69663489       3.20732951       2.99389482    
   3.56646395      -1.83806014      -4.97972250    
  -3.65343094      -2.00739050       4.52299166    
  -4.09838629       2.24190211     -0.892941654    
   4.00173521      -3.97421718       3.51339245    
 -0.975825369       2.77444386      0.901836097    
   2.39111543       4.59408331      -1.47608066    
  -3.21722651      -3.53683162       4.37367821    
  0.671753585      -3.36653209      -3.13675427    
   3.71880817       4.82551289       4.73731470    
  -4.53682232      -1.94610476      -3.89799976    
   4.11828995       4.94384003       1.64507258    
 -0.488854021      -2.30316138       2.34233046    
   2.90325522     -0.104169190      -2.56617618    
   1.67328453       2.74896002      -1.83671093    
  -1.24971187     -0.697814047      -4.06937361    
  -3.07370377     -0.850226343       4.70049286    
  -4.64107943      -4.14087772     -0.154410094    
  0.363264799       1.13182759      0.405139714    
  -4.10024166       3.96414256       1.37902975    
 -0.580011249      0.816551983      -1.26548803    
  -2.17096853      -4.43992996       4.51291752    
   1.70302892     -0.699877679      0.338144332    
   4.70971727       1.99784482      -1.87935030    
  -4.48897457      -2.75060248      -2.76263142    
  -2.78607988      -1.45762873       1.96428704    
  -2.07770753       4.91130495       3.03108382    
   4.66020918      0.974292874      -4.90501451    
   4.72952080      -1.67826748      0.527278721    
  0.503591478       5.98368309E-02 -0.982379436    
   2.41509843      -2.29145575       4.20511198    
   3.46843123      -1.30619001      -9.31871459E-02
   3.15610671      -2.80629826      -1.90584678E-02
   1.52568340      0.493033081     -0.347349524    
  -1.13514543      -4.22722483      -3.76595831    
  -4.37833023       2.52629185      -4.97768593    
  -3.19481254       3.83340311      -3.50216460    
   6.86149299E-02  -3.86135626       1.47839499    
  -2.92297530      -3.75905848       1.37144995    
   1.01416910      -4.46663141      -3.26679277    
   8.82752240E-03  -4.14571190      -3.75113964    
  -4.76369953       2.33624339       2.32493591    
 -0.601551235      -4.28156185      0.469981462    
   3.93972898       1.91467261      0.176478609    
  -3.44081402      0.448178470      -3.86955047    
  0.100559182      -4.93981218      -3.10871029    
   2.70003319      -1.27381647     -0.130108967    
  -4.13265038      -3.06464934      -4.95508242    
 -0.554829001      -3.11905408       4.45383453    
   1.44824815      0.744301558       1.98070502    
  -4.12266636      -1.98905480       1.67827022    
  -3.43544507      -4.44259548      0.884279430    
   3.13139439      -4.60769796     -0.257330805    
   2.30234385       1.84864521      -3.95042539    
   2.33021331      -2.30546045      -3.86031723    
   2.35659432       2.07561016       2.57703829    
   1.56973863      -2.18932676      -2.94666362    
   3.27245641      -3.37353730      -3.29813671    
  0.318347275       4.99262810      0.334399343    
  -3.39511609      -4.61668587      -4.16261196    
  -4.70699596      -4.56612635      -3.56251168    
  0.482501537      -4.36200809       2.34346962    
  -1.23973072       4.95057964       1.61398315    
   1.18736935      -4.83086824     -0.976591468    
  -1.60191274      -4.44876242       2.67395782    
  -4.53539324       3.14748406       2.21552777    
   1.06149018       4.28932524      -3.88772845    
 -0.808366001      -4.68992710      -1.74953270    
  -4.08283234       1.06895137     -0.758963585    
  -3.24679971      -1.66961050       2.84428596    
  -2.89196038      -1.38997972      0.303549647    
   2.88718319      -1.70827878      -3.91626430    
   3.48210287       3.93264914      -4.53981876    
   3.85804629      -4.63579988      -2.05093217    
  0.245179653       2.10280681       1.70128739    
  -2.61182833       1.69624531      -2.97355747    
   1.15399253      -1.39419365      -4.88822746    
  -3.15501189     -0.230700180      -2.06265259    
   2.10536957      -3.08749509       3.08278799E-02
   2.49942827      -2.92079616      -1.20120764    
  -3.31252861       3.34597135      -3.36166549    
  -3.65044832       2.28524232       3.94394350    
   1.35581243       1.37716377       4.52843380    
 -0.874814630      0.590012074     -0.320865124    
   1.68488622      -4.25934792       3.64456940    
   3.89635992      -3.98751140      0.981401145    
   1.97367442      -4.53686571      -1.87592852    
   2.40851259       3.05242300     -0.775260448    
  0.489885122      -2.71946788       2.89006901    
  -4.78729010       1.81499004      -3.00663805    
  -4.95622110      -1.59802628       1.55353677    
  -4.79411745      -1.10676277      -3.12905240    
  -4.33148956       4.45454025     -0.891512334    
  -1.00114942       3.69296575       2.06609344    
  -1.99241030       3.67442727      -1.32915044    
   1.19065237      -4.77916336     -0.937924802    
   1.87176371       3.51727343      -3.07756639    
  -1.96426845      -4.50236225       1.70703387    
  -1.94430149      -3.62006985E-02 -0.696223617    
  -4.96544790      -4.08119965      0.934509218    
  -2.43417597       1.59291518       4.39315510    
  -4.69014692      0.479316413       2.17509580    
  -2.08866167     -0.440443426       1.34867156    
   3.04519701      0.365168989      -3.47118163    
  -1.25576413      -2.87341166      -2.55818479E-02
   1.94387281       4.38310528      -3.89848781    
  -1.77029085       2.03411913      0.425554991    
  -3.86446977      -1.10082936      -1.78908312    
  -4.68823767      0.792047918      -4.56354046    
   1.57042968      -3.10617232      -3.67534924    
  0.263036728       4.81978607       4.79809189    
   1.96478868      -1.99660766       4.16698217    
  -1.41427350      -4.17139673       4.94245863    
  -3.21811032       2.73870444       4.89824724    
   4.82494879      -2.43388438       2.08001113    
   1.98953140       2.50657630       1.45075738    
   1.11648798      -7.69344941E-02  0.734534085    
   2.50754642      -2.83212137      0.807275057    
  0.750169992      -2.30130148      -2.57680058    
  -3.72793722       3.50286484       1.15799785    
   3.21055412      0.107205369       2.35356474    
  -2.06674910      -3.90017080       3.33372569    
  -1.90272129      -1.02599609      -2.92671537    
  -3.14830947     -0.152161926      -2.37458134    
  -4.81231642      -1.99845707      -2.61976552    
   2.08497763      0.444564342       2.60791540    
   3.68263483      0.856716692      -1.24353397    
  0.530221581       4.47642660      -4.57029724    
  -3.09084392     -0.292181730      -3.72813416    
  -2.21277761       3.22314763      -4.20702314    
  -1.58149636       3.64063430       3.52744532    
  -4.77870560       1.78419554       4.79438019    
   3.99140787       1.88329124      -1.82486367    
   1.38620949       4.68372965       4.91381979    
   1.59340894      -1.90621521E-02   4.25481653    
  -4.02917480      -4.86818647      -4.69936752    
   4.08254528      -2.68613148      -1.32604384    
   3.11350012       2.22751164      -4.76407051    
  -4.02076244      -3.81863713       2.75653982    
  -3.46910143      0.867395401      0.333225697    
   1.70000684       3.49621344      -2.46680117    
  0.813233554      -1.96272492      -4.94502449    
  -3.30586362       1.80696738       2.52667069    
  -4.26431608     -0.333487958      0.907798767    
   1.22087848      0.404589027      -2.17013359    
   2.62397289       1.65606809       4.84062052    
 -0.558062077       3.71791673      -3.31130672    
 -0.994881749      -3.32030249      -3.35458040    
 -0.815868318      -1.53060699      -3.89824200    
 -0.300417066     -0.448741078       1.74692512    
   4.79089880       4.49274492      0.143970266    
  0.369747251      -1.40013278      0.488498330    
   2.65380573      0.909001589      -4.76376486    
   1.07615530       4.33206224      0.225416407    
  -3.94905996      -1.49488735       3.38416338    
  0.832520127      -2.56758118       4.31159687    
  -4.24674654      -9.60207880E-02   4.77000523    
  -2.99929285      -2.66253567      -2.15087032    
  -1.63781035       1.31027091      0.572172344    
   3.79153490       2.38869309       2.08725691    
   3.62875628       2.88101053      0.284360021    
   2.10198188     -0.403079063      -3.93463635    
  -4.60525560      -4.28304195       3.64486432    
  0.666823804       3.54187012       2.84762645    
   1.69694698      0.838178217       2.81885886    
  -1.13678050      -3.71479273      -4.94692135    
   1.22467148       1.37152231       3.50507164    
   2.40001902E-02   4.20385647      -1.36260128    
   4.17952442       2.65509796       1.89215028    
   4.19636440       1.02821946       3.90548658    
   7.35878721E-02  -4.55755949      -4.79550219    
  -1.88926506      -2.61572742       2.56789589    
   2.52074814       4.02611160      -2.76034641    
 -0.373355359      -2.02744818       4.14958477    
   4.42051220      -4.03737688      -2.57352877    
  -2.40374827       2.15134263       4.47638416    
 -0.889805198      -2.38149047       3.55827904    
   2.08107781     -0.326589882      -1.90371394    
  -2.06139255      -1.25279391       2.66023803    
   3.98582125      -2.43507698E-02   2.33261156    
   1.00509310      -4.02534819      0.537518919    
  -1.03866196       1.68797076       4.80567694    
  -2.30122113      -3.71419168      -2.35593390    
 -0.990880311      -4.72291374     -0.571643531    
  -2.72388482       4.48396015      -3.80978608    
 -0.559155583      -3.08818460      -4.66944981    
  -2.58869839       4.69345760     -0.491905630    
  0.113957018      -3.42785859      -3.73783255    
   2.50713897       4.87818575       4.11264706    
  -2.13474083       2.32103348      -2.40302968    
 -0.653518438       4.33630562       2.60720539    
  0.233732343      0.427257597       4.68439722    
 -0.695433557       3.01301956       3.64517450    
   1.44697201      0.527548492       1.42518437    
  -2.64456272      0.755069613       4.27137280    
  -2.94578815       1.62085104       2.09528852    
   4.46018887       4.13226128      -2.94869733    
   2.32024193      0.371441185       3.97490549    
  -6.14463091E-02  -2.67528486      -4.47361708    
   4.70659828      -2.81457212E-02 -0.594745636    
   3.02327776       3.36891222      -4.70252037    
   4.03301954      -4.63552094       3.59066963    
  0.360517919      0.597457886       3.53033900    
  0.883653998       1.88820195      -2.70296597    
   1.49340963       2.96721721       3.22392750    
   2.40284395       2.42411470       1.78498769    
   1.09641159      -1.02648497       3.69456029    
   3.69361401     -0.430687636      0.461144000    
  -4.94017076       4.63320112       3.50712109    
  -2.94956493     -0.877074182      0.335045397    
   4.26604128       1.68988216     -0.609563053    
  -4.16656017       3.43225026      -2.95790005    
   2.98054862       4.75148964     -0.226740777    
   3.04923725      0.720392406       2.77933288    
   1.19180381       1.73799813     -0.694837451    
  0.842739582       4.73603916       3.72684765    
  0.786951661     -0.914568663       1.68358517    
  0.672966659       3.86352015      0.668880284    
   4.90656328       3.94873929     -0.900904357    
  -1.42629850     -0.753230572       2.87685323    
   2.36442089      -3.01957011       1.65927029    
  -2.98764753      -4.17080593      -3.56620669    
  -4.10376215       2.36031103      0.278593749    
  0.540338397       1.09723556      -4.42538166    
  -3.17739606      -3.44695592      -1.43850565    
  -1.02841234       4.57039928      -2.07588983    
  -3.40142012      -1.59504795     -0.329799116    
 -0.696591854       2.34286261       3.47447181    
   2.26047516       3.25554982E-02   3.56281710    
  0.291740894      -3.96589494     -0.836591125    
  -4.09865522       4.92498779       3.00021410    
 -0.776282609     -0.247205451      -2.26440096    
  -3.95966196      -1.35312092      -4.71078205    
  -1.49281228       2.68538904       4.13411140    
   2.97637868     -0.934564173       2.88267207    
  -1.13708985     -0.114448830       2.04531288    
   2.09359097     -0.397174090      0.524093032    
  0.545696497      -1.41578829      -2.84703684    
  -1.64934170      0.648873746       2.62152267    
   3.55695152       4.91276169       4.64789104    
  -2.42658210       4.01804304      -4.62135077    
  0.136681035     -0.980266392       4.09726048    
   3.49246621      -4.23883390       2.01963162    
  -1.92140234       4.04675055       2.07364845    
   2.17981005       1.92458403     -0.842749536    
  -2.89314270      -1.88888466      -1.17289698    
  -3.58123326      -3.50082302      -3.22434449    
   2.11702609       4.47590160       1.60466194    
  -1.41602790       2.75532866      -4.97744370    
  0.399177670      0.862083018       1.59552300    
   1.49825096       3.29476380     -0.646319330    
   1.99368227       1.74013448       4.26664639    
  0.307809412      -2.11676407       4.63240099    
  -1.11202800      -3.44986606       1.27176237    
   3.20117331      -2.00821853       3.65302968    
 -0.710962892      -2.12190294      -1.89193881    
  -4.97264814       2.85512519      -2.00325251    
 -0.852737308       2.57388735      -2.78478765    
  -1.61457348      -2.85656691      -8.25792700E-02
  -2.17353368      -3.42859435       4.87566137    
   4.17975569      -2.69886827       6.87429160E-02
   1.83249044      -3.00806069     -0.937595546    
  -4.28583384      -1.96927118      0.497095734    
   2.16019154       2.26776481      -1.49118209    
  -4.44841337      -7.21885562E-02  -4.13438988    
 -0.289477885       1.69351709       2.45976472    
   2.83791876      -1.58251905       2.16433883    
  -4.85693216      -3.33608699      -2.79332495    
  -2.96893549       3.86584830      0.865500450    
  0.275886744      -4.19425535      -2.69385099    
   1.40049946      0.376724064       4.00750589    
 -0.840984046       4.95647097      0.456075490    
   4.90271235      -4.59777308       4.63061142    
   3.94262505      -3.11980247       4.34188652    
   1.20272028      -3.74357057      -1.65917480    
   1.16904438      0.402130306      -3.66895890    
   2.80953932       3.42862749      -2.07124782    
  -4.50837612       3.13526058     -0.909879208    
   3.54846787      -3.73893642       1.29946899    
  -3.71630692      -2.47940207      -3.04339480    
  -4.39082623     -0.699756086      -3.13982749    
   2.41257691       4.61327648      0.627552271    
   4.10954475      -4.19629002       2.88187456    
  0.609279335     -0.698257387      -3.15506649    
  -3.12817454       1.59997725      0.476045102    
   1.87151372       1.78653586       1.28831494    
  -2.86329865       4.71936750      -1.07883143    
   3.90919709      -2.16609001     -0.675020218    
   3.39679456      -2.42294765       1.97308564    
   4.80721045      -2.75448632      0.536638796    
   1.19784272      -2.29423618      0.604291141    
   3.00198507      0.942119777      -4.51178217    
   8.72967318E-02  -2.91763711       3.61129642    
   4.48563957     -0.528545797      -3.38001156    
   2.80250096       1.34432793       1.87385774    
  -3.48961496       2.46944475      -3.62354350    
   4.21093607     -0.326322079      -1.46342683    
 -0.594583213      -2.29825997       2.79953814    
  -3.73977566      0.337972403      -1.84281850    
   3.31466341       4.52951860     -0.277178228    
  -1.66922164       4.16003036       2.75663233    
   3.14054894      -4.09259987      0.915120244    
   3.02767086      -4.35795069      -3.25621939    
  -3.49769711      -2.60163641      -4.17659998    
  -4.12596083      -3.16279912      -3.97288918    
  -2.44103861       1.08214474      -4.80491877    
  -2.72078061      -4.92412820E-02  -1.66299820    
 -0.679589748       3.16007042      -7.90006816E-02
  -2.40016747      -2.75179839     -0.862201810    
   3.59770918       3.48035645      -2.35086966    
   1.03581083       2.11382246      -4.56924915    
  0.450035930       1.75773358      -4.61933517    
  -1.78845966      -3.67804813       2.98271142E-02
   3.09202766      -1.37986875      -1.46432686    
 -0.911884904       1.22552586      -2.31130743    
  -4.97783422       1.54226327      -4.07992792    
  -1.35794032       2.84937048      -3.29367352    
  -4.64787340       4.13553095      -4.07319021    
 -0.659041941      -4.22567415       1.70548368    
   2.72522259      0.522257626       1.11986232    
   4.60635328      -2.71096635       1.43276298    
   2.92080665       2.98378491      -4.02229261    
  -2.44142938       4.23826265       4.30952454    
  0.151245177      -1.65202701      -2.31059551    
   1.65090060     -0.603041649      -3.06518793    
   3.03970742      -3.50060368       4.95124435    
  -4.63333368      -4.86608267      -2.55224037    
   1.31779873      -4.05125856      0.425664753    
  0.136441484       3.76168323       2.78386545    
  -2.57332253       3.04296923       1.19047260    
 -0.131749704       2.73656344       2.33406091    
   1.02283335       4.97889519      -1.97211194    
  -2.34205008      -4.29574871       1.16127229    
  0.809369028       3.64943409      -3.35117817    
   2.44263673      0.358859003      -4.70201826    
  0.936312675      -2.61536860      -1.56183636    
   1.60912752      -4.24078417       2.47939610    
   4.87662697       2.49938130       3.54488945    
   2.98387694     -0.113468699       6.38973936E-02
  -3.50576544       4.76192522      0.290291905    
   1.56350684       3.15617681      -1.46566880    
  0.624992490       1.17505455       4.33440685    
   3.61992502      0.653050244      -4.98246431    
   2.85878293E-02  -3.31159782      -3.87619591    
   1.63144851       4.90856695      0.384644598    
   3.26564240     -0.911006331       3.89244437    
  -3.36959147       4.36551189      -4.61405897    
   2.05206656     -0.700722814     -0.672266841    
   3.55204654      -1.56304836       2.08321428    
   2.93229556     -0.409805715       4.74991083    
   2.19543052      0.810054183      -2.12487131E-02
  -4.76674223      -4.81179142      -4.98551273    
   1.52572179      -3.59803176      -2.65412545    
  -4.91871071       3.65658069      -3.06373215    
  0.560705841       3.33466482       1.95220637    
   1.31149471       1.19898415      -1.82216752    
  0.136407211     -0.570326269       4.63564253    
   3.83507419       4.84488297      0.836644590    
   3.32625580     -0.604981422      -2.50373769    
   3.49406385      -3.25249457      -3.76618409    
   1.49785531       2.52356195      0.533682704    
   3.17296576       2.68768549      -1.92949414    
 -0.855539024     -0.503926218       4.39926624    
   2.17813706      -1.68658328      -2.08442926    
   4.56203318      -3.07704663       3.34260988    
  -4.83912468     -0.933697283      -3.96627688    
  -4.50807571      -4.44451666      -4.19651890    
   1.41562247      -3.62395382       2.96424270    
  -1.08020556       1.68796611       1.06948590    
 -0.987763524      -2.58767176      -2.06299472    
  -4.29676104      -3.36788511      -2.04496217    
   4.75158644      -1.01397705       3.50398469    
  0.665664673      -4.83005524      0.937616885    
 -0.846910119      -1.11390460      -1.47258866    
   2.30421257       2.52290297       3.38673615    
   4.65384626       1.37383008      -2.85847592    
   3.43267274       3.14490700      0.715334535    
  -4.52278471       2.73020530       1.56131828    
  0.957127512      -3.50607514       1.00805902    
  -1.01748979       2.39846039       1.81491435    
  -4.53865004      0.549573064      -2.53735042    
  -1.29105496       3.54377270      -2.33520389    
  -4.51191235      -1.84702742       3.27182746    
  -1.98358607       1.95311093       2.99340034    
   2.70306993     -0.930082858       3.74093676    
   4.86264610      -1.11196256       2.47682714    
  -2.37732267      -2.63917398      -1.97334194    
  0.296719491      0.732960224      -3.57175684    
   4.57173681       2.55782032      -4.79273891    
   1.10850370       2.87692571      -2.70183992    
 -0.927406013      0.921911776       4.46197701    
   1.09904933       3.24021196       2.06380177    
   3.29360652      -4.09977865      -4.52296066    
   1.72293949      0.989935458       1.01851797    
   4.11071587      -2.19825482       3.27793860    
  -1.29694641       1.94471538       2.41526079    
   2.39045620       4.50944567      -2.06858230    
  -1.77010477       1.95234573      -4.01072264    
   2.67623925      -3.66612840      -3.83841443    
   3.83041613E-03   2.75616097     -0.544982612    
   1.96302783       2.72366405      -3.84529114    
  -4.64816046      -3.35205865       4.06877708    
   2.00800705      0.610651910      -1.24412942    
  0.679178417      0.893889904      -3.99778032    
  -2.32140255       1.36565804       2.94835782    
   1.58418500     -0.917872429     -0.587537467    
  -4.54792070       3.92709875      -2.43868947    
  0.633093715      -3.28382778       4.25047970    
   4.20637798      -2.74266458      -3.00062251    
  -2.25894094      -1.00933349      -4.81831789    
  -2.88828230      -2.52350402      -4.24245548    
   4.17600679       4.68780184       2.61167955    
  -1.57638788       1.03393722      -2.32640505    
  -4.52916479      -2.90081120       1.53912568    
  -4.71242714       4.80722094     -0.160229713    
   2.58222270      -4.59399509       4.65770769    
  -2.40254807      -2.27013135      -4.67209339    
  -2.86660266      -2.91519165      0.140539229    
   2.74778843      -1.06308126     -0.874323726    
  -4.68020487       2.73965001      -1.32832181    
 -0.814279377       1.33132553       3.58380747    
  -2.32214785     -0.433999479       4.49442196    
  -2.23117757      -1.83444798       3.45313144    
 -0.491046369       4.45492601       3.76154327    
  -1.69370258      -1.96817994       4.22716999    
 -0.216379821      -3.80347872       3.19453692    
  0.211466521      -2.80949569      -2.52330542    
  -3.49736643       2.32349992       3.45649195    
 -0.134124741      0.422426343       4.83615589    
  -1.33941102       4.29538059      -1.84001255    
  -3.88263369      -3.13226295       4.97245789    
   2.87810636      -1.78739262      -4.76559448    
 -0.952591240     -0.157464996      -1.37729204    
  -2.65189576     -0.572132766     -0.989746392    
  -2.84588218       2.09087753      -2.17992544    
  0.372428149      -3.11493278     -0.366634995    
   2.13586092     -0.549833417       2.22124839    
   4.07701254       4.63868093      -4.40200090    
   1.71332765      -3.68782568      -2.93984222    
  0.696046174       3.90481806       1.19165063    
  -3.97622633       3.63327551       4.25362968    
  -3.22665739     -0.710325003       2.79770494    
   3.96127057      -2.94401002      0.953238249    
  -4.06586075       3.11687899      0.202014267    
   2.54071116      -2.23733449       2.37523317    
  -2.91919470      -1.79266798     -0.312393814    
  -2.04197288      -2.28697920       7.62197971E-02
   2.79194665       2.89381886       3.23403239    
  -2.75913525       3.10610557      0.873670280    
 -0.201805592       8.04101601E-02  -3.21319866    
  -3.25158191     -0.647512555     -0.964743495    
   3.58430696      -4.01025724      -1.00513434    
  -1.51431787      -4.86664104      -2.56647754    
   1.65123379       1.97469604      -4.64556980    
   1.47487116      -3.33043647       3.23613501    
   3.53834963       1.74968421       2.50911546    
  -3.80469370      -3.39085174      -1.74734020    
  -3.54698777       2.43652487      -2.40185714    
  -2.52844501      -3.26266217       1.41263568    
   1.22439206      -1.86785233     -0.896647871    
   2.53920436       2.43973184      -2.59110522    
   4.39520788      -2.25529385      -4.69951105    
   3.39723659      0.212363288       1.38789070    
   3.71651125       2.54933786      -3.51210737    
  -3.68647742       1.67252719      -1.43591678    
   3.89655852      -4.48861074     -0.997453749    
   3.00710154       4.36587715       2.53363180    
   3.08146739       3.87314487       2.40029359    
   2.77320743     -0.652850449       2.13009501    
   2.18814349       4.40395594     -0.518427432    
  -1.28896558     -0.599412918     -0.871777773    
 -0.754374683      -3.18337917       4.25429344    
   1.99206948      -4.12398243       2.68584561    
  -4.08064222      0.451776296     -0.960129082    
  -2.57354069       1.06196988       2.87884045    
   1.15782022       3.71238089      -1.42326617    
   4.54317856      -4.12329817      -1.24020445    
  -1.47451234       4.11662436     -0.264001399    
   4.72294855      -3.69610620       2.50327349    
  0.137361988       2.59173536       2.95017982    
   4.89903593       3.25708842       8.89503025E-03
  0.884281874       1.36174965       2.19696188    
  -3.89502954      -4.20947123      -2.28675365    
   1.71236193      -4.01092243      -4.41713905    
  -3.01269388      -2.77140498       1.25277925    
 -0.564771056     -0.170397624       3.32067418    
  -2.54541016      0.700973034       4.29284763    
   1.09743547      0.393967479      -4.62418365    
   1.58942676       4.58528519      0.153516576    
  -1.43810081     -0.651241124     -0.316691875    
   3.97175789       3.10589886     -0.567488909    
   3.84407902     -0.458373934      -4.98897886    
 -0.761151552       1.15215886      -3.25232816    
   3.59255672      -2.01649928      0.550303221    
  -1.60682249      -3.90245128       4.52876282    
   2.63694263      -1.04055023      -2.98863816    
  -3.00149035      -1.92073441      -4.41822529    
  -1.52772880       1.60156393       3.54779673    
   2.32311320       4.81255531      -3.71565270    
 -0.888996303       1.88951755       2.18740296    
   1.20365798      -3.06189919      0.883447945    
  0.587992549       3.77002740       9.74422470E-02
 -0.457869083       3.65193319      -4.66403913    
  -3.73663902E-02 -0.829980552       3.59277201    
 -0.340250909       3.31144333      -2.63300610    
  0.279245228      -1.32788491       7.08607584E-03
 -0.386711746       1.84072530       4.41855526    
 -0.303746074      -4.33301210      -4.83326578    
 -0.687689364      -1.39802277     -0.761189938    
  -3.49459624       1.85500836       1.11469710    
 -0.148522466       1.11213446      0.274253577    
   3.99919248      -1.73147595       2.47999716    
   2.32552004      -4.29208040       1.03615165    
  -3.56136751       3.68480539     -0.669429779    
   2.66704917       1.04526126      -2.02394128    
  -4.20464203E-02  -3.61084366      0.332171410    
  -3.82139015      -1.74487543      -2.97133470    
  -3.51930308       2.52867842     -0.182714105    
  0.973092973      -2.43729568      0.643930376    
  -4.12261105      -2.25122809      -4.92985058    
   3.19666624       1.89711511      -1.31862724    
  -1.00312281       2.74559045       2.81084991    
 -0.721374512       3.58514261      -3.40956330    
   1.93276834       4.67778063       1.73059773    
  -3.52516770       4.90219593     -0.503494799    
 -0.303031266       4.63820028      -2.76574230    
  -3.94053984       4.57032108      -3.64285374    
   1.73450649     -0.263336182      -4.53095961    
   3.09477091       2.68902540       4.55910254    
 -0.987455189       3.92305017       3.12270808    
  -1.49866509      0.893742025      -4.24716377    
  -4.83511639      0.749687433      -1.41882086    
 -0.105186269       3.49970746       4.04718113    
  -1.80292594       2.04054523       1.80974364    
  -1.73854101       3.21959925      -2.74364829    
  -2.60498405      -4.20093441      -1.95646834    
   4.34236145      -1.14446831      -3.25906348    
   1.65908790      0.985317349      -4.06092548    
  0.827387512       2.28494167       3.47073293    
   1.35808897      -1.86003399       2.53328133    
   3.95954108       4.93476915      -3.91353679    
  -3.46419978      -2.14188600       3.03256726    
  -4.72457123       3.21488380      -1.47422242    
   4.16014719      0.357166439      -4.27628851    
   1.95107019      -2.17851996      -4.38088560    
   3.96723056       3.96241397E-02   4.88337326    
  -3.08922338      -4.43255472       4.00135994    
   4.96803284       3.91727424       1.20372665    
  -2.34511781      -1.37404501       1.51704597    
  -2.65267301       3.22929382       4.48142958    
   4.81171465      -1.90034819       4.23551607    
   1.75590068E-03  -3.22174549      -1.69510770    
  -3.98828363       1.63739467       3.14249778    
   2.50565100      -1.75861597      -3.13891602    
   3.46910810       2.61535072      -3.34821129    
  -1.76563013       4.23599863      0.714125991    
   4.47115183       4.96580076      0.422591060    
   2.24487376      -4.54701424       1.55299437    
  -4.51228380       3.85456538       3.19288945    
   2.56526804      -1.39345551       2.90477633    
   2.17238212     -0.403459251     -0.928042293    
   2.07868028      0.950874746       2.28157902    
   4.18448353      0.457708567      -2.08203912    
  -3.88536286     -0.365482718      0.246283561    
  0.179630369      0.540173531       4.23058367    
  0.927808285      -2.94721127      -1.62648213    
  -3.24956083      -3.47702312      0.477821290    
  -1.02046430       1.45217454       1.16090405    
   2.51702762       3.21936941      0.575068891    
  -2.49707866       1.01810670      0.670835257    
  -3.26936293       2.39343238      -2.03442454    
   1.46512079       1.32490301     -0.553409040    
  -1.13572681      -2.69139791      -4.36409426    
   1.97061598       3.14139485      0.529451370    
  -4.65089512      -2.53030968       4.29922247    
  -3.75292563      -1.54742038       2.02721000    
  -2.70239449       1.97649074       3.94175959    
  -2.61516881       4.41373205      -3.08684540    
   4.68992949     -0.437652200       1.66464853    
   4.93501759      0.940886974      0.216458201    
  0.334359974      -3.56342840      -4.69127464    
   2.60958385      -4.42309189     -0.270283043    
  -1.49885499      -3.08479238       1.32020009    
  -4.15864134      -1.28849983      -1.83457136    
   1.40427709       2.63415170       4.10989380    
  0.717653990       3.36497617      -1.50701046    
   1.92824745       4.55535841       3.64820027    
   1.20023763       4.18529606       2.84412074    
   1.71321845       4.70226383      -3.25908566    
  -4.14315414      -3.82881427      -1.04146135    
   4.83928728       1.82355642       2.85380077    
   3.48496556     -0.869569898       1.13346660    
  -4.48386431      0.153676987      -2.25548029    
   4.22444201       2.66855860      -1.26747274    
 -0.638618827     -0.101925351       2.70729589    
 -0.952850759     -0.807375133       2.51921229E-02
   1.96442151      -1.00416350       2.14181042    
   2.01029682      0.890018165      -3.58765578    
 -0.530055165      0.276914358      -2.78284669    
  -4.93752670       4.74983311      -4.04061413    
   1.44668210       4.85318279       2.74797487    
   3.24305844      -2.05369639      -3.84439349    
   1.17422068      -3.81850076     -0.376833230    
   3.27009034       2.40653455E-02  -3.82627368    
  -1.56612587     -0.971248686      0.556047857    
 -0.334438294       3.51246333       1.54487121    
  -4.88600826       1.39736056       1.65618753    
  -2.09160590     -0.124757566       3.05229330    
  -1.72568524      -4.13966846      -1.03031862    
   4.17405701      0.371342361      -2.56491137    
  -2.86246991      -2.29263806     -0.383680463    
   4.02193069       4.56078196      -2.07415628    
  0.650453627     -0.503033340     -0.232040077    
  -1.33938825       2.38892722      -1.45777023    
   2.02730489      -2.53504014       4.30524445    
   1.13508308       4.66293192       2.63990879    
  -3.21712947      -3.19878674      -4.32713795    
  0.868335664      -3.18641758       4.64123535    
 -0.405379415      -1.24373102      0.712056637    
  -3.15456438      0.796040654      -3.71417642    
  -1.46837413      -3.38003683       3.60914850    
  -3.95951939       3.04130054      -1.39421189    
   1.34179866      -3.46539879      -2.17303324    
 -0.463386804       2.05355763      0.843102813    
  -3.23964620      -1.09903347       2.98877811    
  -1.31280744      -1.04864049      -2.43068647    
 -0.129044905      -3.47725248       1.02950130E-02
   4.82280970     -0.166986108       1.13053417    
  -4.60533047     -0.729725897       6.38539940E-02
   1.90207338      -1.27432501      -4.35601377    
   4.16299152       2.11734366      -2.50640917    
 -0.794771671       3.01997018       1.73366010    
   1.12835479       1.97915220      -1.62875164    
   3.90525532      0.756673872       2.66681862    
   2.05811548      -4.09780598      0.308714807    
   3.14768982       1.43726587      -1.93242860    
 -0.729434788       4.99021435      -3.21521902    
   4.91386271       3.50478268       3.60370207    
  -2.62099051       1.85364819      -3.77021885    
   1.09305954       1.71532106      -3.46712351    
  -1.93490899       1.46892953     -0.635308325    
   2.97558808      0.459620714      -2.33698559    
   4.74298286      -2.10181761      -1.00909889    
  -4.82439947       4.57045174      0.757931292    
  -2.74531221      -8.45864117E-02  -5.08247912E-02
  0.186225444      -2.08074260      -1.29426396    
  -4.15035868       3.00797410E-02  -3.02772593    
   4.48668674E-02 -0.483294517      -1.29899633    
  0.525179684      -4.75200176      -2.35920620    
  -4.42798805       4.37178326       2.63543200    
  -3.65930319       1.69120383      -2.94985700    
   4.64858198      -3.89683056      -2.58753705    
   2.24687386      -1.60576415     -0.131559908    
  -2.86318517       4.75457573      0.921985269    
  -4.06860256      -1.09198463     -0.519658804    
   3.58848000       3.93792963      -2.33527708    
   8.46382603E-02  -3.47144151     -0.808328211    
 -0.255980045      -4.87840033      -4.95889139    
  -1.75487471     -0.709084570      -3.27096915    
   3.95558238      -2.96660209      -3.81260848    
  -1.32041872      -3.93153358      -3.08941102    
 -0.199530959       3.09064960       1.31149217E-03
  -2.18972707     -0.160899773      -4.17515135    
  -3.39482856      -2.76887846      -1.71119332    
  -1.03517795       1.31253564       2.50934410    
  -1.73186445      -3.84446569E-02  -2.14985919    
  -2.79601765      0.283833742       2.85603952    
   3.15016270      -1.09006166       4.43967390    
  -2.32517934      -3.63001347      -3.67719698    
   1.41703689       2.97319531     -0.678806365    
  -2.08223248       4.11673689      -1.84932530    
  -3.17937756       4.16555834       4.93497705    
   1.36512071E-02  0.498416483       2.06929374    
 -0.520845771      -4.05668640      -1.79640460    
 -0.248760641       1.39693320     -0.530766904    
   4.43298197      -3.08041024      -4.14888191    
  -4.55981684      0.665592551      -1.84555709    
  -1.28734434      -4.91790581       3.27592778    
  -2.52099299       2.67231083       2.32310152    
 -0.383468032      0.164090902      -4.70481205    
   4.09387589       3.32363915      -1.85594940    
   2.99688053       4.08540344       4.94008875    
  -3.48732853      -1.48746204       1.05720186    
  -2.77024198       4.15738630       2.26764417    
  -2.99356413      -1.34531641       4.49707842    
   4.61755133       2.32390666       2.70281792    
  -1.68332541       4.70571947      -1.04467380    
  0.535580695       4.65644121      -4.44395924    
 -0.695601463       1.57956135      -3.23660135    
   3.51606798      -3.74108887       2.65932345    
  -4.78099585      -1.28162265       4.27310562    
  -4.25879860       3.77211714      0.782381892    
   3.56943965      -2.05204606      0.661573827    
 -0.912624598       4.67719698      -3.23341966    
  -3.75630236       1.28919232      -4.23561907    
  -4.86894894      -3.03885412       3.53078747    
  0.920345962     -0.777279019      -1.25957143    
   3.09921217      -4.41111755      -3.05035162    
   3.54295635      -3.94333339      -2.10805535    
   3.66407490      -1.72105253      -1.59542501    
  -4.72764015      -2.39505363       3.07348871    
  -1.58928823     -0.541126728     -0.483632684    
   1.49103487     -0.587959290      -2.14079881    
  -3.48790741      -3.98754311      -2.96395350    
  -3.57372284       3.96388102       4.21409321    
  -1.18854523       3.96349716      -4.25337172    
   2.45647931       2.94166851       3.60812378    
  -1.92720747     -0.318582743       3.73114443    
  -3.92121983     -0.791861176       1.01536739    
  -2.92849731       3.74675560      -2.16913342    
  -2.51101375       4.37515306       3.82885695    
   1.13275814       1.06700766      -2.88129950    
   6.34047911E-02   2.88550043      0.604387283    
  -3.76957488       2.63868213      -4.93295813    
  -2.81501985       1.63659716     -0.459932864    
  -1.02151883       4.88315010       3.33951139    
   4.29871035     -0.406055897      -2.37652302    
   2.27725816      -4.12326717     -0.984538496    
  -4.47518730      -2.60744596     -0.313395023    
  -4.27263403       1.43047988      0.541294396    
   1.60345161      0.411858290      0.200663060    
  0.884123862       3.00334787      -3.80405402    
   3.03410721       2.03532600       1.93814051    
  -4.23312759       2.36342192      -2.86952877    
   3.69429851       2.77137208       2.34388089    
  -2.97284436       1.19383419     -0.507662475    
   3.11908650       1.50304520       3.39778996    
  -3.81296706       4.75431919       2.32020712    
   4.12031937       1.56799698     -0.521082342    
   1.97782552       2.90283132      -3.50677109    
   2.31054258       4.96921873      -3.15907550    
   3.55457520      -3.18605661      -1.73445785    
   4.07106876      -4.35844040      -2.91660571    
  -2.56566501      -2.11762476      -2.32084227    
 -0.459677219      0.704285443      -1.63135254    
   4.29179144     -0.645087242       2.88211083    
   2.05560231      -2.13989639       2.49793625    
   2.05511594      -2.49546289      -2.35673809    
   1.24996686       3.12965703      0.418142796    
  -2.87272763     -0.701609790      -2.88295794    
  -4.43001795       4.00596666       4.64514208    
   1.67887437      -2.15758491       1.63215315    
  0.163037792     -0.146957964       3.34506679    
  -3.66403699      -3.49168873      -3.86208344    
   1.09093368       2.22926641       2.50063252    
  0.370357037       4.31376410      -3.46938539    
  0.246512517       3.36275697       4.56882524    
   2.46705532      -3.50226974      0.510934353    
  -3.77000856     -0.526242256      -1.30244553    
   1.26897025     -0.361790717       1.49040723    
  -1.02159238     -0.160499096      0.902288377    
   1.90458012      -4.56055593      -4.10371590    
   2.84755611      -3.87869239       2.44196248    
   3.92080712      0.887795448      -3.04750061    
  -3.82820296      0.857053578       1.34709561    
   2.57040954       3.40021181      -4.35377645    
  -1.22181106     -0.849282742       4.98952389    
  -1.79046047       2.58577061      -1.54317176    
   1.16552114       2.46477485      -2.80250549    
  -2.28012943      -4.18994236      -1.17574978    
  -2.93482566       3.70097971       3.99561429    
  -1.88108969      -4.59871054      0.663533688    
  -3.73608637       4.00178528      -3.02937698    
  -4.78048038      0.446714580       3.39821434    
  -3.93258739       1.01265645      -3.38401675    
   1.39747965      -2.94443011       1.83118999    
 -0.224466845       4.37835884     -0.495463490    
  -1.46243000      -1.00548160      -4.94893122    
  0.582110584       2.18324876      -3.96544075    
 -0.412097007       2.85310459      -3.79848027    
   4.60339737      -2.74667835       4.79145193    
  -1.85255778      -1.74033570      -3.92964768    
   4.69131899      0.866373539      0.624526858    
  -2.02538395      -1.81980336      -3.45311403    
  -1.74447095      -2.31314540     -0.117767401    
   2.10805178     -0.985084653      0.462180406    
  0.343909115     -0.557976723      -3.50793695    
  0.521346986      -2.19594574       1.64545405    
  -2.46639085     -0.856484473      0.798387408    
   1.08539963      -1.22082102      -4.77377701    
  -2.14781499      0.605836332      -3.11314750    
  0.229225382      -2.35675192       2.84301615    
  -2.92226672      -1.01122606      -4.18061924    
   3.22877860      -4.79514027      -2.93663883    
   1.65546167      -2.44944334      -1.42911053    
  -1.99597406       2.46537328      0.766283929    
   3.30482745      -2.31239390       4.79902029    
  -4.83429527       3.21050191      -4.99753809    
  -3.26751280      0.311295420      0.544969678    
 -0.421458334       3.63670182      -2.04749131    
   2.30080581       3.57026553      -3.82881331    
  -1.85362315       4.97900820      -3.47936702    
  0.569676876      0.929081202      -2.52896667    
  -2.50898933       1.81593120      0.915769875    
  -3.89912391      -1.99401927      0.539267600    
  -3.63364005       2.50053096       1.80962622    
   2.42234898       2.56329942       4.69496918    
  -3.23202467      -1.75905192      -3.16775703    
   1.81822407       1.18903887       3.33039236    
   3.27622390      -2.65554881     -0.163311288    
  -1.65657413       4.36836958     -0.357363850    
  -3.19498587       3.01627421      -1.09742332    
  -2.69379616      -2.18158817      0.752751410    
  -4.10079432      0.569656789      0.484154463    
  -3.76979899       4.01977730      -4.45769262    
  0.164377451       1.23057795      -3.14758039    
  -1.16182995      -2.27871537      -1.37057531    
  -4.00073004       3.35044003       3.73005247    
   2.87123489      -2.09508324      -2.76156282    
   3.34412837      -3.11594820       3.21261024    
  -3.52331114     -0.713373184      -4.30170202    
  -3.05282760       1.30811906      -1.85313129    
  -2.25860548       4.27445555      0.763082385    
  -2.83355618      -1.43507671      -2.81296444    
  -3.49610090       5.40123098E-02   1.71449482    
  -3.66928053      -4.72604656      -3.79315758    
   1.87604713      -1.34169078      -1.94088900    
   2.17566419     -0.683403373       4.57639837    
  -1.54406822      -4.71730423      -2.29791856    
  -2.25691104       3.68163848       3.30041838    
  -3.00650859      -3.06993771     -0.646864176    
   4.54366302       3.98792505       1.86945140    
  0.562389970       3.24071479       3.65783644    
  -2.14444351       1.78978157      -4.79604387    
   1.85014641       2.02790689     -0.139746830    
  -1.90468836       2.81747890       1.85765505    
  -2.00988197      -1.14953732     -0.838252783    
  -1.55179346      0.201938018      0.472675920    
   4.40597391      -3.35766387      -1.25853539    
   2.39648438      -4.66459799      -2.36260438    
   2.51365566      -1.91725242       1.06934667    
   1.37433004       1.90804279      -1.21572185    
  -1.89258146     -0.800195038      -1.83610678    
   4.00030136       1.82394457       1.09435713    
 -0.654122233       1.92167914      -2.41526556    
  -2.02152014       5.39219677E-02  -2.99120569    
  -4.97278500       1.29924262       2.00913143    
  -2.35265398      -4.64812040      -4.39465237    
  -2.11803937       2.58715320      -6.98235929E-02
   2.67414641       1.55496836      -3.96545410    
  -1.70980692      -3.95672250      -4.67038488    
 -0.574718475      -2.14624000       1.10935903    
  -1.38712168      -2.05887699      -4.43971491    
  -3.97525907      -3.12065959       3.61915588    
  -4.62942934       2.67370892       1.25052881    
   2.18728161       1.51562476      -2.26907063    
  -3.59966779       4.68919611      -7.21044019E-02
   4.81814146     -0.871430576       1.15248239    
   2.79707193      -3.81949115       3.19068980    
  -4.69851828      -4.27919960       3.71998692    
  -3.32954001      -1.24760735      -2.72387433    
  -2.21105337      -1.94836509       3.49981713    
 -0.111748651       4.72470331       3.03232527    
   2.69346666      -4.90890217       2.69586396    
  -1.83020711      -2.33802772       1.55665326    
   1.75862908       3.22368836       1.32977664    
   3.32590528E-02   1.10889733      -1.83110130    
  -1.63915026      -1.67049742      0.120000996    
  -1.90405035       3.61637688       4.44016075    
  -2.75064921      0.154045135      -2.63926601    
  -3.86051130      -4.16209364      -1.04448915    
 -0.534527838       4.79714012       1.10598421    
 -0.625077248       4.21602297      -3.92579103    
  -1.34391391       3.23224640      0.740955830    
   2.30077863      -3.77788162      -1.59378517    
   3.82348013      -1.00067151       8.95129740E-02
   2.67237926      0.394914478     -0.953631699    
  -3.52256536      -2.62455034      0.658421636    
  -2.36740208      -1.13403821       3.91865301    
   2.98438883      -2.70213389      -4.31225061    
  -2.52012777       2.27543259       3.36998010    
   3.32634568       1.41299343      -2.77793074    
   1.15111041       2.20086336       4.01555300    
  -3.25161624      -3.38946772     -0.464141816    
   4.42044586E-02  -1.83806705      -3.14558411    
 -0.127940357      -2.14074278      -3.28804755    
  -2.58416080       1.32880914       1.47978342    
   9.22204629E-02  -4.98344994       4.02173567    
 -0.420052111      -2.03631186      0.244108915    
  0.269206047       1.30817878       2.95584655    
  -1.81853366       1.47190225       4.24814701    
  0.651918769       3.78160882       4.55937815    
   3.10013604      -4.65731430       3.63046765    
  -4.05616045      -4.67677116      -1.71887589    
  -3.51464343      -4.44534349      -5.81431463E-02
  0.247383654       3.24840760       1.45396662    
   1.34580183      -1.78536201      -2.29221463    
   1.39568818      -2.14457774       4.31158638    
  -2.31985044       1.96369982     -0.471200258    
   4.34398985      -4.22368145       4.12627220    
   3.95425105      -1.43108845       3.94576645    
 -0.649581492       2.53244328      -4.61970949    
   3.87765145      -3.18628645       2.43878531    
  -4.70047283      -4.33504343       2.24999237    
 -0.505615413      -4.35223103       4.34393930    
 -0.866681635      0.477946937      0.375984579    
   4.19534874      -3.42863107       5.53537011E-02
  -4.35801506       1.89520276      -2.79202676    
   4.13597727       2.48212004       3.47514296    
   2.66684556     -0.547020435       1.29293334    
   2.64834452      -3.49077272       3.61700749    
   1.05679715      0.608075261       3.25058293    
  -2.13203716      0.953084469       1.72433114    
   4.91486931      -7.52995238E-02  -3.92767215    
   3.90374398       4.67050362      -3.95576406    
   1.99011683       3.53830981       2.34054279    
  -1.16990733      -3.23282456       2.65726542    
  -4.57150602       2.81750274      -3.93795276    
  -1.80037427       1.08896351      -1.19155085    
   3.25159073       1.23533130       4.20239830    
 -0.343486458      -1.40443039     -0.808230102    
  -2.76869106      -4.28803253      -2.70175767    
   4.91361332     -0.729962528      -1.97384453    
 -0.146523088       2.77767038      -1.69166398    
  0.373697072      -3.16261792       2.04583144    
  -2.85535192      -2.74810362       2.84298944    
   3.49445057       1.01397038      -6.84369355E-02
  -2.14720798      -4.62919235      -1.47914135    
  0.465074927      -1.54045665      -1.44354582    
  -2.90398049       2.53925920      -3.48272157    
   4.55421686       1.18308997      -1.61878955    
  0.104651153      -2.89576054       1.12631345    
  -1.94544852      -4.15591526       2.06383848    
   2.24079561       3.16652012      0.403534621    
  -2.91105318       4.51493025       3.64238191    
  -2.72846746       2.81467390      -3.35186934    
   1.27428019      -3.24600077       3.87563896    
   1.00734437      -1.51924038       3.94738865    
  -3.07239509      -2.98456955       3.65530181    
  -3.93458748      -3.44251275      0.232091904    
  -4.75234079      -3.80494595       1.39935410    
  -1.44424736       3.14703631     -0.456158251    
  -1.98017073      0.364747763     -0.929035902    
   4.32599735       4.21158314      -1.41035044    
  -4.76669502     -0.928204656      -2.48202252    
   3.47788477      -3.98633623       7.16014504E-02
  -4.12570572       1.51452315       3.58273339    
   4.26407528      -1.77032685      -3.94343758    
  -3.14549279     -0.850635588       3.76810431    
  -3.36742973       4.96200991       3.61629725    
  -4.45347929       4.43695784      -3.73277879    
   2.98017931      -1.08369458       1.31311154    
   4.31568384       3.11338162       4.07724094    
  -2.05477476       3.09530783      -1.06013346    
  -3.56506586      0.855672359       3.42770195    
  -4.23741007      -1.44531941      -5.62800243E-02
   4.12394238      -1.73278892      -3.80416250    
   1.59016478      0.158835232       4.90786982    
  -2.16101885      0.322953016      -3.99575233    
  -4.90149069      -3.91045904      -3.86768651    
 -0.239226237       4.69459915     -0.612308025    
  -2.97984123      0.634809017      -8.06962028E-02
   3.83906817      -4.24917030      -4.04561281    
   1.66881764      -4.53478003      0.892730832    
  -1.94955695       3.81891847      -2.90122628    
   1.19296086       1.93090045      0.192180708    
  -2.20945072      -3.63630486      -4.22287321    
   3.62702298      -1.37649345       1.42135429    
  -1.09073162      0.175770164       3.47522426    
  -1.30289555       2.10376596      -1.82022381    
   2.32225633       4.62251997      -4.66486502    
   3.25301576     -0.459713876      -1.95016563    
 -0.453677773       2.72184420       4.45714951    
   1.09825397     -0.761441350       3.26001716    
  -4.01840973       3.21626115      -2.04818892    
   2.32817531       1.89960170      -2.97750926    
   4.70260239       1.57426298       2.42451859    
  0.670511007       4.71824837      -3.09690571    
   2.74576950       3.77412391      -4.69026613    
  -4.39394569       1.99383628       1.53099644    
  -1.27954566      -3.23045588      -3.28694248    
   4.18106985       3.36269665      -4.39973640    
  -3.04338217      -4.41008854      -4.71012592    
   4.36097860      -1.33427620      -2.32603335    
   4.08780128E-02  -2.19505668     -0.769567549    
  0.530049860       1.52489066     -0.368886799    
   1.82992220      -1.74614620       1.31591082    
 -0.164990991      0.988880694      -3.94335771    
   3.87380266       8.35592523E-02   3.31554246    
  -4.94742250      -1.55492604     -0.884494305    
  0.927361429      -4.16272688      -3.92818260    
  -4.46171427      -3.49625731      -4.84542847    
  -4.42177343       2.17965794       3.91365814    
   3.27670193       9.85715464E-02  -1.26120746    
   4.41875744     -0.412077248       4.22032499    
   4.87584543      -2.72779512      -1.33652246    
  -3.70045567      -1.67658496       4.18661642    
   2.92508101       2.64233637       3.13035107    
   4.71843672      0.268678844     -0.657362700    
   3.44421124      -1.81771064      -2.21088409    
 -0.198577568      -4.50587416      -1.42920268    
   1.60188687       3.52834964       2.98751092    
  -3.75949478       3.02967286       2.62628365    
 -0.808181345      0.969816983       2.90706182    
   3.90342951       2.85428452      -3.78835034    
 -0.364935547      -2.34298706     -0.632285058    
  -4.32795715     -0.528044760       2.00273943    
  0.655152798      -4.92091560       1.91484118    
   4.53953791       2.06551480      -2.97062182    
  -2.94063759       1.89065349      -4.71098614    
 -0.748815656      -1.66400993       4.91232109    
   2.60800529      -3.28692055      -1.69678664    
  -3.81276441      -2.63845563       1.84607375    
 -0.860196412      0.777192414       3.68963861    
   4.41516447      -2.91133332       2.25492263    
  -2.00174952      0.118658356       4.92232037    
  -3.91268659      -2.61397314     -0.713709652    
  -1.01564538      -3.11745524       1.29455125    
  0.902772725      -1.46609628       1.53938603    
  -4.67404366      -4.93581867     -0.309755534    
  0.363940448      -1.01861012       2.42490506    
   3.63237309       1.46923375      -4.59299183    
   4.86056328       1.31974185       3.33855486    
  -3.18284726      -3.59259439       2.85994124    
  -1.26543629       4.08059835      -1.34056151    
  -4.54110813       1.71610434E-02   2.47822690    
  -1.87247145       4.01047087      -3.68527436    
 -0.880632997       4.03608608      0.771677494    
  -3.45433187       1.16094732       3.45031357    
   2.44094396      -3.29530621      -3.18527865    
  0.851021945       3.99396706      -2.22052360    
   3.34539080       1.59794319       3.56324673    
   2.93057013       1.92359889     -0.435987175    
   4.74338388       2.53869557      -3.49574614    
  -1.66210222      -1.43871605       3.65136051    
   1.74322712      -3.30934763       1.88839447    
   3.11893797      -4.60539293       1.90337813    
  -4.51644230       1.11183381     -0.459009528    
   1.66669095       3.82396245     -0.563573658    
  -2.97570896      0.830202281      -1.25655234    
  -4.55384779       2.96627712      -3.45474267    
   4.84957600      -1.99424803      -1.64958072    
   3.43921447       1.70600832      -1.23003733    
   2.33837724      -2.03570747     -0.652608931    
  0.773439407      -4.59070730      -2.49053168    
 -0.209055439       2.12765837      -1.74923396    
  -1.11835337      -4.57412148      -1.16506672    
  0.197649688       1.15260005      -1.04637921    
   2.65548992       1.68792033      0.524858117    
 -0.865172803      0.657755673      -4.14055443    
 -0.808308184      -3.41659427      -1.28905010    
  -1.64757168      0.804244876       4.12657022    
   2.78881955      -4.99065828       2.30855775    
   4.49615860       2.79193068      -2.01789737    
   1.67687869       1.56126976      -2.98003769    
 -0.745216370      -2.30307579E-02   1.49862039    
   2.42258644       4.01591873      0.191076010    
   1.63963783      -3.81781435      -1.00362587    
  -2.69694477E-02 -0.141222477      -4.44373751    
  -2.86626935       1.78342855      -1.38009620    
  -4.50564528      -3.12421751      0.944097996    
   4.59621716      -3.01101947     -0.267210215    
   3.18462253       4.00986814      0.761634648    
  -2.75419378      -1.69739628      -1.65201855    
  -2.18093443       3.06157374       1.65813136    
  -3.42082930       8.53555650E-02   3.87660265    
  -3.34199500       2.46128368     -0.867734134    
   4.29053211       1.84519327       1.69430912    
 -0.684829295     -0.999401689      -3.24803758    
   2.63150501       4.62041426      -1.30456364    
  -1.32889009      -2.99934888       2.35272074    
  -2.37379003      -3.33504653     -0.616797745    
  -3.26782227      -4.72247124      -4.66027784    
   2.10513568       3.66302729       4.48494720    
  -4.34475088      -3.92500162       4.32794428    
   4.77672625      -4.13042927     -0.397229820    
  -2.56526279      -1.54041326      -2.11383677    
   4.79048777      -3.91198015       1.28435688E-02
  -2.84851551       3.16718554      -2.26008129    
 -0.209613770       2.92320967      -1.98768878    
  -1.61558366      -1.44614971       1.75931036    
  0.261456579       4.56246567      0.411321551    
   4.17654800       1.03956842       1.83796871    
   1.02969325     -0.972190201     -0.392539322    
   1.31271768       2.11888409       1.30445206    
   2.54901791      -4.24927711      -4.32479382    
  -1.65872884     -0.712447643       3.62069726    
   1.05070710      0.217373967       2.08808064    
 -0.397168458      -3.57708287       3.49594569    
  -4.21047640     -0.816668689       1.68267500    
  -4.73121929       4.65637779       4.54802895    
 -0.513977885      -1.27398896       2.49187469    
   4.28229618     -0.875065386      -4.12080288    
  -2.29313803      0.984371781      -3.62222314    
   4.61584854      0.228298515      -4.91635799    
   2.90824556       1.55136693       3.50193310    
 -0.450744420       2.64677429       4.92855501    
  -1.85851228      -1.63521159      -1.89851999    
  0.105955996       2.41583920       2.21566893E-02
   2.88343763       1.34076941      0.196676880    
  -4.73859406      -4.85433531      -3.02079988    
  -1.47145736      -4.88149023      -4.20968866    
   1.09073246      -2.87617230     -0.108507946    
  -4.48612022      -4.20194960       2.62148833    
  -1.54653943       4.64477158       4.05583429    
   3.76895046       3.98151779       1.72969675    
   3.69500375      0.764535248       1.83559275    
 -0.507110536      0.879603744       1.43620205    
   3.93412399      -2.92485499       4.32928467    
 -0.390877187      -4.10380125      0.662167132    
  -3.98445654       2.16714668       1.79272699    
  -3.24495316      -8.96054134E-02   4.96361828    
   4.78306627     -0.241784915       4.32710361    
 -0.106328383       4.07892036      -1.06399965    
   3.40875912     -0.859933138      -1.10607147    
  -1.16071415       3.51268458     -0.746845722    
  -2.63146567      -3.76389480       2.73041439    
   4.21542740       1.01502609       4.17522812    
   3.76769614      -4.91977501      -2.16215062    
  -4.42838335      -3.23037386       1.98518825    
   1.67739713      -3.15912294      -4.75706530    
  0.551180422     -0.463090181      -4.86003304    
   4.37232876      -2.52830815       1.69378710    
   1.25922394       3.12673402      -4.71477795    
   4.19833088      -3.01512980      -2.34481549    
  -4.72224236       4.12731600       4.29231119    
   4.33176613     -0.368643522      0.416030824    
   2.99318933      -3.44285440      0.920955062    
   1.39117980       1.74128664       3.00849390    
   1.26935148      -3.37836885      -4.48143482    
   2.60824609      -2.90806437      -2.73765659    
  0.857781947       4.06812477       3.59437203    
  -3.11997461       4.39791918       2.53781796    
  -3.47577262      -3.11550832       3.22208261    
   4.57341051       4.37383986       4.32005978    
 -0.400137305       4.98058176       2.32335925    
   9.81306508E-02   1.74301326       4.09318304    
  0.440101445       3.20605683      -1.87546897    
   4.02792072      -1.21893799      -1.15099406    
  -3.76893854     -0.172736645       4.75244188    
  -4.44325590       2.97836733       4.00407648    
   3.99452519       2.66116238       3.88152885    
   1.74699152       3.26435113       3.80097675    
  -2.87111926       3.21486759       3.38954282    
   1.21689904      -2.26468158     -0.469544321    
  -4.24731159       4.89367294       1.35415661    
   4.67936087      -4.48825741       1.79243159    
   2.07613540       2.72627974      -2.18413734    
   2.94573450       4.85742235      -4.26926994    
  -1.96073151       2.94627666      -4.00793123    
  -1.88098633      -2.05708957       2.41293669    
  -1.72393990       4.04720259       1.45827532    
 -0.225564912      -3.89613581      -2.22174001    
   1.82514071       1.02652597      -1.64388442    
   2.75586247      -2.56272840       3.83065891    
   3.91314387      -1.34383368       4.45497084    
   3.71871567     -0.671256840      -4.43631649    
   1.96279979       4.50284195      -2.86384892    
   1.10855007       4.52382898      -1.63303065    
  0.892432570      0.350700140      -1.60648763    
   2.06887126     -0.703279912      -1.97172809    
  -3.19697690       3.05360556       2.05406380    
  -3.92340255       1.96584845      -1.88358569    
  -3.24422550       1.01280832      -4.85810804    
  -4.22514486       3.01243854      -4.55757427    
  0.616338491      -4.44769573      -1.29940534    
   3.58951712       4.07317972       4.07622337    
   2.35520315      -2.35156846       2.61788988    
  -2.60896826      -4.69521809       2.80298305    
  0.178521782       4.65601459E-02   1.42103434    
 -0.107443996       3.50463057       3.35826015    
   2.37149596       3.87282014       3.91289306    
  -2.58971000     -0.175025374      -4.25471306    
   1.85473144      -3.00443149      -4.93185139    
   4.76154661      -3.12726688      -4.71150541    
  -4.74731493       3.08227229       2.50451398    
  -3.71266866      -1.91682684      -1.29399133    
  0.616316140       4.44206667       4.29262257    
  0.164818987     -0.633373916      -2.37411523    
  -1.17570126       4.53206348      -4.50781679    
   4.31818295       1.24691796      -3.95786476    
  -2.27717900      -4.54157448       4.42237806    
  -2.51691651      -3.08356762      -2.71606755    
   1.14629745      -1.45951819      -3.85541534    
  -1.56063008      -2.29359102       4.67665815    
   4.42029190      -1.59749603     -0.411000609    
  -1.25824809      -2.57564425      -3.78769851    
  -3.59577036       4.25052166       2.07073760    
  -3.93164873     -0.605946422       3.74934483    
   4.78122377       4.08195925      -4.56271887    
  -1.68672299      0.350469232       4.58609247    
  -3.82989931       3.68979573       2.21388674    
  -6.53875098E-02   2.16101122      -3.46969128    
  -1.60633361       4.10948277      -4.41033888    
 -0.128473073     -0.530437827       2.20104718    
   2.81048965      -2.01012802      -1.50472188    
   2.42826796     -0.917549431       4.98774052    
  -4.91901684      -1.04197133       4.82925177    
  -1.65901423       1.50810838      -2.16546583    
  -1.77408290       1.90532362     -0.751730442    
   3.29228973     -0.953095198      -3.98162436    
  -2.50559449      -4.27940989       1.89695263    
 -0.475450665      -1.63176906      -2.64026022    
  0.320411384       1.76117826       1.10003364    
  -2.51788688      -3.94200158      0.270014852    
   2.50132561       7.30171576E-02 -0.406783164    
  -4.90321732      -3.66729522      -3.83946466    
  -2.85251665       3.42615008       4.91223669    
   2.60256958       1.24212730      -1.30973792    
   1.12105131       3.96307659      -2.24303222    
  -3.43207502       1.97005332      -4.37785053    
   3.23571634       3.86693764      -3.38662124    
  -3.90024257      0.944368601       4.04750109    
  -2.35147810       4.44956350      -2.19225717    
  -2.87039852       4.60758829       1.79717767    
   2.81377363       2.79607582      -3.08399892    
  -3.43635368       1.02745819      -2.63567185    
  -4.33612537       1.01877415      -3.99611044    
  -4.24079323      -4.58644819       1.25231957    
   1.52619576      -4.18018103       2.36100769    
   4.81307888       4.23574209       1.85507560    
  -1.89778304      -3.92442632      -3.44153047E-02
   1.52690876     -0.407809645       2.72699380    
  -4.94802094       4.96957397       1.97901082    
   4.73217201       3.61498094       3.22742152    
  -3.02847815      -3.05291367      -2.96297669    
  -3.79175138       4.68927860      -1.58827293    
  -2.34921074      -3.18818450      -4.90797567    
 -0.796984792      -1.31701648       1.22832966    
  0.569090664       3.59023023      -3.61630464    
  -2.55250669       4.77775240      -4.40121603    
  -3.39024925     -0.619601250       1.28140283    
  -2.78452110       3.49390149      0.181680322    
   1.76397860       1.16401350       1.04078603    
  -2.87974644      -1.88990819       1.87786913    
  -1.97178495       2.57329082       4.39075613    
   3.46580744       5.96027300E-02  0.116345420    
  -3.11142349      -4.81198978      -1.64854252    
 -0.594664395      -4.14944077      -3.94539046    
  -4.45405722       1.03457129       2.68714881    
  0.817401528       1.87294197      -2.18843198    
  -2.23310328      0.421064794      0.708288610    
  -2.69127440       3.95885873     -0.371038079    
   4.53835583      -4.95245934       3.39446998    
  -3.42031646       2.62890244       4.46887398    
  -2.91877890       2.52809906      0.675543964    
   3.67250013      -1.20174003       3.11444569    
  -4.86437511      -4.84999990      -1.29922593    
  -1.00799894      -2.05013227      -3.04601216    
   2.11159801       1.17604232       4.19647312    
   3.10701013       4.35477114      0.619718492    
  -1.94265223      -3.21214795      -3.65914392    
 -0.120801628      -1.53357887      -4.54216433    
 -0.735553920      -4.58722687       2.71983695    
   3.04645658       4.55993795       1.22920108    
   2.11248875      -1.77971256      -1.15698409    
   4.59194374       7.77887106E-02  -3.22427464    
   1.80524492     -0.635974705       2.06266356    
 -0.702804565      -2.56764245       4.60001993    
   2.83115721      -2.80175662      -2.98815465    
   3.11157370      -2.77211690       1.86664665    
   1.11228931      0.698602974     -0.693323970    
   3.66850066      0.753516972       1.29612088    
  -2.41114450      -9.71577168E-02   2.14956760    
  0.653959453      -3.42135549       2.47184348    
  -1.65822995      -3.07033968       3.58539605    
   1.74901783       4.51186991      -4.61380243    
  -1.37097108     -0.116505414       1.93070734    
  -1.82758617      -3.90863180      -2.59239602    
   1.43728197      -2.40417051      -3.79937458    
  -2.82010961       3.66769958      -1.23379695    
 -0.321341664      -2.50467515      -3.52804351    
  0.536995947      -3.80203772       3.80815840    
  -4.91327858      0.257570982       4.81322908    
  -3.87269950      -1.52657294      -4.00253391    
  -1.05488217      -2.21715236       2.37067676    
   1.56974912       2.89251471      -4.74660826    
   1.61399019       7.77365267E-02  -3.56053686    
   3.49706292       1.12743461      0.706008971    
   3.70645499      -1.60503161      -2.83146882    
  -1.31711864      0.114115417      -3.88105750    
  -6.61188811E-02  -2.58705735      0.860602021    
  -3.71808219     -0.358447373     -0.126883537    
  0.720394969      0.109177038      -1.04662144    
   4.38119125       2.73429513      0.128358662    
 -0.258198410       4.38913870       2.00378299    
  -2.03544712       3.77737117      0.638575912    
   3.15062618      -4.17059660      -1.00099468    
  -3.06310296       3.34342456      -2.21995926    
   1.61440313       4.96036148       4.57132339    
   2.01797771      0.963320255      -4.73205805    
  -4.20088577      -3.69576025      0.242139325    
   4.03733969       3.89489722      0.938317358    
  -2.98201466      0.220295697      -4.78786898    
  -3.26860738      0.162369043      -1.05035901    
  -2.22000003      -3.75249004       3.63370061    
  -4.93578434      -1.28423822      -4.57050753    
  -1.04340219       1.28519177      -1.03456640    
 -0.422141790     -0.608721077      -1.95919693    
   1.59606075      -2.30133605       3.13841701    
   4.12997055      -3.02719450      -2.78494382    
   7.02361837E-02  -2.43068695       1.52320242    
   3.51499677       2.38368869       4.96172476    
  -2.06235766       1.73673236       1.88957727    
  -3.89907813       1.20151699       4.54083347    
   1.40195608      -1.83372045      0.100888133    
  0.886621773      -4.11465454       1.58355784    
   4.75454378       4.73145294      -3.44327688    
   1.53970718       1.90937889       2.01441145    
  -3.94636631       2.57106233      -3.93186331    
  -3.44559622       1.51865077       1.25535321    
  -2.64845300      -1.51503253      -4.12961435    
  -4.89227772       1.83907866       4.10193968    
   3.49847722      -4.96306896       4.07368279    
  -3.72077823     -0.718909979      -3.09457922    
 -0.337563008      -3.07935596      -1.26483977    
   3.92011809       7.52702802E-02   3.89409661    
  -2.80778790       3.57113123      -3.97159696    
   3.31270671       1.49663270      -2.53484416    
   1.86403263      -3.96234846      -3.11400700    
  -2.44669342      -2.47294521      -3.48667765    
   3.93746758     -0.401134491      -1.68377900    
  -3.15872860      0.849244297       1.82840431    
   3.23227286       3.27176762      -1.89580238    
   4.36637592      -2.01928592       1.07129061    
  -1.36161184      -4.17004299      0.105198540    
  -3.22868180      -2.60408378       4.11777210    
  -2.85832739       3.20834374     -0.452493310    
   3.46930051      -3.02125144     -0.320780903    
   1.26415372       4.23745489       1.80371749    
  -2.12362480       1.37632692      -3.81563830    
   3.66944146       3.60078716      -3.34296012    
   4.54035997       4.93727303       2.71123433    
   2.50367069      -3.95866442      -1.84408855    
  -9.19018127E-03  0.316960067       2.65632319    
   4.21395683     -0.188155800       2.77951860    
   3.61258554       4.72010374       2.83168054    
   2.45987606      -3.33009076       1.62381566    
  -3.48334503       4.96543407      -2.86956739    
   3.06910658      -2.84223938      -1.92101467    
  -3.52354574     -0.682295263       2.32974267    
  -3.56125593       1.87258482     -0.140780076    
  -3.38752270      -3.56944489       4.68087387    
  -4.87063599       2.42253327      0.455473721    
   3.40856433       3.83248949       2.57821512    
  0.523318827       2.17189789      -1.27607453    
  -2.04154110      -4.27470160      0.489032745    
 -0.863258839     -0.303474545      -3.13400173    
  -1.01739442       1.20091248      -2.30137855E-02
  -4.58655596     -0.444878548       3.21535683    
   9.51066911E-02  -4.62546921       3.10463738    
  -4.51015329       3.93923116     -0.144241706    
  -3.41198945       2.00686717       3.06693172    
  0.458324343     -0.195250615      0.402375996    
 -0.380018890      0.199899539     -0.659535706    
   2.89042330       4.18313313      -1.89243686    
   3.05730605       4.14084291       3.70750284    
  -1.66455507E-02  -1.15116358      -4.34462690    
   1.82412541       2.06115031       4.95642662    
  -2.76834778E-02  -3.52213383       1.90933931    
  -1.06103313       2.29418468      -4.58892059    
   3.57962060       4.08156967      -1.05065060    
   4.57406282       4.20056581       2.76239157    
 -0.956416786      -1.48378587       1.64783347    
  -4.59573269      -3.98685050      -2.28209877    
   3.95750618       2.97719836      -2.77993631    
   4.82703257      -4.32476568      -4.97373486    
  -1.65995705       3.13299847      -2.75820470    
   4.84516907      -1.36026955      0.510098577    
   1.46033347       3.00943613       2.26508331    
   3.87218952      -2.55108428       3.45303893    
   3.43015742      -4.27968073      -3.98223257    
  -4.37619734      -1.97821236      -4.10540342    
  -2.61125112      0.225576460       3.66986012    
  -3.84006000      0.897397757       2.58205509    
  -2.15081167     -0.965361476      0.788686872    
  -1.02405846      -2.64245176      -2.20856094    
   3.28039050       3.65996647     -0.885064542    
  0.684256136       2.73886037     -0.194980428    
  -3.98636794      -9.83905643E-02  -4.00206041    
  -4.84627771       2.01836419      -4.33813047    
   4.21103430       2.17702174       4.29730034    
  -4.63409376      -3.45562053       2.73185778    
  0.962166965       1.49197984      0.392304003    
  -1.85857391      -2.87289882      -2.46978045    
   2.97986770     -0.466133863      -4.63033628    
  -4.58560944      -2.28937650      0.217154011    
  -1.74658644      -4.90785074       1.86510873    
  -1.29442894       3.29597211       4.96186686    
   1.81571484      -4.55946732       4.29709530    
 -0.798642576       2.28120923      -4.01041555    
   4.66469336       3.04534984      0.362855464    
   2.57491803      0.340972781      0.942710400    
 -0.230648145     -0.865516424       4.12781477    
  -1.85399520       2.85919809       3.46061563    
   4.52309418      -3.10064697      -1.43085480    
  0.168147489       1.62411201       4.21736288    
  -2.93545508       3.95604587     -0.842808247    
  -1.04673231       1.65327477      -4.64500427    
   3.31247306      -4.92228603      -1.80065513    
 -0.872547865       3.50434685       4.17165852    
  -3.44488335      -4.96487522       1.02372622    
  0.672423720      -4.33582449       4.24267101    
   1.76895082      -2.88083339       2.42996216    
   1.24564481      -4.73164749      -4.35529041    
   1.42840922      -4.47148895       3.47633338    
   3.64815497      -4.13155079       4.80083895    
   3.09884095       3.10749912       3.80543137    
   4.93972826      0.195980221       2.67037725    
  -4.84660244      -2.70882392       2.90475464    
  -1.45416939      0.725618482      0.792544425    
  -4.17406702       3.89275956      -4.04799604    
  -2.21107411      -2.15213895      -3.04258513    
  -4.75697184      -2.46673775      -2.89807272    
  -4.76554108      -1.06501782      -1.43780315    
 -0.730496049      -4.23601627     -0.375539064    
   4.96065474       4.59680271      -1.52201617    
   1.33841550       2.43584943      -3.33899140    
  -3.92703247       3.73586297       3.21045852    
  -2.56798577      -3.08783150       1.45710623    
  -3.36370039     -0.493327975       3.02062988    
  0.613470197      -4.10955667       4.71237564    
   4.82151318     -0.638022184     -0.515134454    
  -1.93747735       4.43333149       1.70495701    
  -3.71658969      -4.78080511       3.36228395    
 -0.227470145     -0.800042570      -3.84128523    
  0.280943602       1.76310122       2.75341129    
  -3.67817140      -2.58443856      -2.11199713    
   3.84981179      0.859803081      -3.45686364    
 -0.329011440     -0.304855794      0.633379400    
  -6.93971440E-02   2.68374109       1.11175764    
   1.65193796       4.82336760     -0.515697658    
  -3.82670546      -4.64897585       4.61019611    
   3.08537036E-02 -0.328304291       7.55158905E-03
   2.63889790      0.328179091       2.04127717    
  -4.52019501      -1.24598789       3.01750684    
  -1.22647595       4.79034853       4.93977642    
  0.293501288       3.30988145      -2.84901333    
  -4.86039066      -1.52046108       4.15600443    
 -0.614188373       2.35561132      -1.22574186    
   1.69473004       3.63351274       4.55311108    
  -1.15014899       2.44976974      0.116297513    
   4.41681528      -3.78976154      -4.47600937    
   3.22132683      0.824732184       2.80479312    
   3.08824801       2.57460070       1.51763797    
 -0.391939640       3.80923653      0.874829233    
  -2.92588592      0.412593603       1.69301355    
  0.403238773      -1.92045891      -4.09677315    
   4.70714092       1.92648554     -0.534598708    
 -0.601914644       1.89357305     -0.387421429    
   4.15858555       4.17004251     -0.735996306    
   3.16682434      0.448792398       3.99144220    
   3.49141550       1.96227252      0.854769886    
  -3.80680060       4.32305765      -2.46476746    
  -2.58570457      -2.02764511       4.60355759    
  -2.39931321      -2.52994061       2.63475204    
   3.96194077      0.700220168      -1.38167059    
  -4.86810827     -0.104123920      -1.20121300    
  -1.12832510      -1.05674148       2.88154531    
   2.67457485       2.34470224      0.260386735    
   3.20357829E-03 -0.964813113       1.15976131    
  -4.44015360      -3.07842827      -1.11416483    
  -4.44027615       1.50907028      -1.74911892    
   2.33290505      -3.69372892       4.09601355    
   3.20760322       3.72073837E-02 -0.538763762    
 -0.678501606      0.703891873      -4.70131779    
   2.61944556      -2.18026972      0.598504245    
 -0.216386393      0.421311438      -2.20916224    
   3.41961646       4.45729589      -3.51397491    
   3.78776479       3.01127696       2.96568632    
  -2.05175543      0.725298345     -0.574803948    
  0.403906256       4.47110605       1.85912132    
  -3.32359672       4.31708288      0.701479495    
   3.72403193       2.09678912       4.88312912    
  0.593978345      -1.97085357       2.52166653    
   3.90607214     -0.824389279       1.90951502    
  -1.59651244       2.03751421      -3.56493402    
  -3.55216742      -4.79680157       3.89907670    
