   2.48645997       5.63966706E-02  0.600106776    
  -3.14511633     -0.605391800       2.48426175    
  0.401851803       2.70684695      -2.86531258    
   2.68422031       4.37221003       3.14913368    
   1.26767600     -0.992983937       1.21554291    
  -3.46967864      0.832934856       4.06103611    
   5.86357787E-02   2.90228724      -3.47944498    
   1.56233704      -2.43065071      -2.93969274    
   1.63508928      -1.05854464      -4.19081020    
   3.11932850      -1.65395379       2.58171868    
  -2.68608236      -2.27640176      -2.11840844    
 -0.305695146       2.46172357       2.96988654    
  -7.80844782E-03  -2.52137971      -3.79501820    
   4.08478117       3.05326176      -2.94014931    
   1.79437125      0.615516067       3.49057245    
  0.874576211     -0.401107222       1.13055182    
  -3.36073041      0.855721354       4.48166752    
   1.36365664      -1.39641237     -0.283484310    
  -2.17982984       2.59165359       3.02470970    
   2.89084172      -2.36860800      0.924113393    
   2.83065248      -3.37361956      -2.51648259    
   2.91814780       3.58351254      -1.77359748    
   2.34443498       4.40420628      -3.63001204    
   2.45352745      -3.32956433      0.508734107    
   1.69528830       3.17113900      -2.78818655    
   3.92474651      -3.18384361       2.61027575    
   1.06672370       1.53366423     -0.969521582    
   2.45732212       3.10604882       1.64187789    
   2.98266506       4.17436838      -2.24048042    
  -2.28688002      -3.72866511       3.68234611    
  -3.92961693      -2.27757764       3.42371798    
   1.72645283       4.19267178      -2.68566084    
  -1.84359992       2.80159664      -2.44242406    
   3.04502201     -0.387666136       2.63971663    
   4.25042057       3.96527052      -2.24896598    
   2.23931861      0.488993585       1.51158154    
   3.55147314      0.487392306       2.21059060    
  -2.44292784       2.48492479       3.74875593    
  -2.32006860       1.21742320     -0.225107104    
  -4.26202202      -3.68611407      -1.88950384    
  -1.02208054      -4.36503315      -3.71890521    
  -3.94716024       2.20681930       3.45423770    
   2.64262748       2.01033306      -2.25547194    
  0.939404666     -0.580042243      -3.14883757    
   1.05013216      -2.50651765     -0.378108352    
   3.81210399      -1.19586360       1.60811317    
 -0.710150838      0.489135206      0.124732926    
   2.44637346       2.77958035      -2.82580566    
   1.93609810       4.36732244      -3.67524409    
   2.55248857       4.10009480       1.73210967    
   2.59075618      -3.75462461      -3.59959078    
  0.708493769     -0.797552228       1.96790099    
  -2.46297622      -1.89564550      -2.76349473    
 -0.259616941      -3.42578316       1.39429390    
  0.130625203     -0.682110488      -3.90970850    
   4.39705658      -2.38615942      -1.82766819    
  -2.86446214     -0.670714855       2.43010902    
   3.06483173     -0.381930500       3.18803215    
 -0.746392846      -1.25941479      -4.26550817    
  -2.99606061      -1.51728022      0.780486405    
  0.299496561       4.03594589       3.97928548    
 -0.682685554       3.62837839      -2.62906027    
  -1.09654617      -3.08435774       3.83813858    
  -1.60513973      0.131399289      -3.29612827    
   4.32898331      -4.01667595      0.978888392    
  0.617142558       2.72032928       1.45478582    
  0.192726389      -2.26473641      -3.48825669    
  0.146306470       1.71909344      -2.62647843    
   2.86152577       1.20649695       1.47791612    
  -1.70027769      -3.73680615       4.06048632    
   4.09480333      -2.73272610       1.72284257    
 -0.670879006      -1.21464229       2.76027060    
   3.60856652      -2.53587818      -2.10333586    
  -2.57418919      -2.06587505       3.95342159    
  0.624936521     -0.181123152       2.53275347    
   2.09146833      0.402290076       3.71014142    
   2.86480284      -3.27899647      -4.27388716    
  -3.32227731       8.87843445E-02  -1.48171461    
   3.46194530      -1.01603961       1.93057537    
  0.609229505       3.04601192       4.06959057    
  -2.40378046      -3.82659364       2.21376777    
  0.633968055      -4.11315584       3.18873906    
   4.47986460       3.14209509     -0.474929154    
  -1.45571113      -3.21193600      -3.24664545    
   3.95922732      -4.30071592      -1.22945988    
 -0.397467464       4.07370186      0.948029041    
   3.36561418       3.58968019      -3.29470301    
  0.472220123      -3.70833611       8.97585228E-02
  -4.00238705       2.80288410     -0.116228715    
   3.23525357      -3.39658737      -2.25290084    
  -3.75640416       3.67339349       2.04493523    
  -2.60021520       1.59565270       2.14184880    
   3.97383523      -1.87190211       1.37964964    
  -4.35032415      -1.05008543       1.34934497    
  -2.15541744       2.30481815       3.38416433    
 -0.384771496     -0.205133215      -1.19649386    
  -2.61434984       1.99261761     -0.749306262    
  -2.49538970       3.60491991       1.74634790    
  -3.92558980      -2.48632598     -0.379002064    
   2.56413889      0.878622055     -0.261941344    
   2.86753917      -2.87511015       2.73638892    
  0.810868859      -2.15890002      -3.63804030    
  -3.79094672      -4.11215353      0.320500940    
  0.794211805       1.28085530      -4.18686438    
  0.870121062       2.59437609      -2.81209087    
 -0.225797504       1.88093626       3.09383178    
   4.29143047       2.21696281      -3.71701527    
  -2.87295198      -3.22611570      -1.25792348    
   2.38608265      0.817381263       4.14794445    
   8.98019746E-02   2.30724192      -1.48533726    
  -1.04714632      -2.24449849      -1.04625046    
  0.163639441      0.141339555       3.01321101    
   3.56720853       1.97518969      -4.49006176    
   3.52487087      0.394946724     -0.836819768    
   4.10522985      -4.48990440      0.285356492    
  -4.44701815       1.31040728      -4.82668914E-02
 -0.189148322       4.04975748      -1.86960936    
   3.84812927      -1.77463448      0.948927581    
  -3.87379265      -3.11494088       2.59564090    
   2.12345839      -1.50574994       3.94593596    
   1.78081751       2.07012915E-03  -3.35125422    
   4.49795008      -4.43594493E-02  -3.60536146    
  -3.22964668      -3.74500251       3.46463060    
  -2.62874579      -1.67994118      -2.60807943    
 -0.458765090       1.72086632       2.69502282    
  -2.62742782      -1.75006485     -0.830607235    
 -0.205024853      -1.62577605      -4.01131058    
  0.857914865       5.50979450E-02  0.424740195    
  -2.41469812      0.276758403       1.91621268    
  -2.20259476      -4.49315071      -1.83085573    
   3.10858464       3.64910126      -2.68769073    
 -0.549337924      -2.44188595       4.17384911    
  -3.55760884      0.795587778      0.579291224    
  -3.89878225      -2.63226914       4.00769758    
   3.84847188       1.91661775      -3.12248206    
   4.14566946      -1.08303428       2.72083306E-03
 -0.175396100       2.25321198      0.895545185    
   3.15013099      -1.45725179      0.348040253    
  -3.35696840      -3.69748187      0.902199745    
  0.917848289       4.04041672      -1.84687436    
  -3.48474407       3.99005938      -2.87811470    
   1.34888792      -2.11523318       4.37505879E-02
  -1.74592030      0.727826595      -2.04663038    
   2.11921668       4.10129166      -4.43150616    
   1.39011931       3.23840070       3.59423923    
   3.03516006      0.436219513      -2.34613395    
  -1.24980819       2.42372060     -0.186802462    
   2.89587688      -3.54413295       2.41167355    
  0.316278070      -1.16740644      -1.90060925    
  -3.02052808       3.01296592       2.86384106    
  -4.11589670      -3.17940140       3.36556745    
  0.831232190      -2.96503377       1.12277496    
   3.49643636       3.49250913      -4.39407730    
  -1.16467857      -3.08742142       2.67092681    
  0.556893170       2.83857846      0.551152170    
   1.01033401      -2.10251093       4.15608692    
   2.42655993      0.320613056      -1.65405786    
   1.12079012       2.25729203     -0.500927269    
 -0.493258834     -0.256489486      -2.02108860    
  -1.58285642       2.18419766     -0.943511128    
  -2.28005075      -3.41558599      -3.46495152    
  0.542597532       1.11397731       2.72668791    
  -2.34153986      -8.75709131E-02   4.31866312    
  -3.67682552       2.88283372       3.04538155    
  0.874573529     -0.126137868      -4.08429670    
  -1.61178517      -3.35792708      -4.28279829    
  0.829544008       2.35630631       1.13707757    
   1.16371834       4.38026762      -3.48953128    
   2.35530496      -4.33346605      0.183193281    
 -0.193104044       1.58859205       7.57353976E-02
   1.19741011       2.82814884      -2.62587166    
   2.57080102       1.39629757       1.68591762    
   1.80188680       3.44030833      -1.52243221    
  -2.40245480E-02  -3.28074384      0.386410862    
   3.23265862       1.84265149      -2.07281184    
  -3.04488158     -0.217491239     -0.190183654    
   1.06738782      -2.59939671       3.11800241    
  -3.53168964       4.10698223     -0.888674974    
  -2.36475277       3.11241484       4.15920591    
   1.23538482       4.27601099       3.62263322    
   3.81414938       1.35706222       1.95145369    
   2.95649409       1.04194009     -0.662538409    
   1.17136860     -0.393198997       3.34121895    
   3.21933031      -4.15184259      -1.04920244    
  -1.49487090      0.909412205      -2.16146255    
  0.303518265       2.67438102      -1.14511883    
  0.483211815       2.49308991      -3.80995965    
   3.30845428      -2.81296158       1.10924208    
  -3.07885432      0.557583570       3.38703227    
   3.99843764       2.88813806       3.60005212    
  -1.30355692      -3.66558671      0.721753001    
   1.71441352       2.37428784      -3.26392746    
  -4.36703634       2.49256539     -0.211781889    
  -4.08628273      -3.82952547       3.78784442    
  -1.76136076      -1.12537777     -0.758315802    
  0.467651784       1.92121446       1.81738186    
 -0.907298088       4.11203766      -3.45714045    
  -3.25522423       4.20700216      -1.97520304    
  0.634643435     -0.228135854      -2.34860516    
   1.26500666      -2.70267034       3.07021189    
 -0.569723248      0.375997990       2.10311389    
   3.28086400     -0.581838787     -0.392303139    
   3.05511904      -1.65253973      0.333597630    
  0.924591362      -1.33684313      -3.87307811    
  -1.62532330      -3.13838983       2.16811824    
   2.08886552       4.05080128       4.38882875    
  -1.47698963       2.95554137      -1.12616909    
  -1.16852593     -0.626157463      -2.10556865    
  -2.19179201       1.25778234      -2.32265806    
  0.946381629      -1.26562724E-02 -0.916043699    
   4.28252459      -4.30811262       2.83912921    
   2.81791687       1.57984269      -1.65334058    
   3.60082960      -3.19986606      -2.76502466    
  -4.66130413E-02 -0.951007366     -0.173566297    
   3.27449155       1.15807066E-02  -2.78191400    
   4.37396097      -1.38371742      -1.41679180    
  0.682528913       3.79202819     -0.667893708    
  -2.44372177       2.21189618       3.78272510    
 -0.538456738      0.687660515       3.30170631    
  -3.35548878       2.75965762       1.01193690    
   2.68379879       2.73338485       4.02051449    
 -0.423833072      -2.24535632       2.86793685    
  -1.63260233       3.43505181E-02  -1.84500599    
   4.06420851       2.58073854       4.24543619    
  -3.94558358      -2.09689975      -1.91439199    
   3.03732944      -1.81283665       4.14341450    
 -0.626353264      -1.37743354       3.95949984    
  -2.89254236      -4.43641567      -1.35714269    
 -0.282675356       2.75684547      -3.99691892    
  -4.22131014     -0.843973815      -4.21854973    
   7.98649266E-02 -0.900965929      -2.69356418    
  -2.45214128      -3.96768975      -3.52396750    
  -1.94854784       3.26814008      -3.96251798    
  0.404362887      -1.90442872      -1.28091538    
 -0.931090891       1.58579350      -3.47615337    
  0.482315421     -0.909046352       3.67979312    
 -0.227123588       4.48250008      0.197685793    
   2.24919295      -2.56725311       3.65644240    
 -0.370864242     -0.352595180       3.06108427    
   2.50794840       3.44910169     -0.191196993    
  -1.81064475      0.221615404      -4.24862146    
   2.02494407      0.636781156      -1.58340573    
   3.04173636       2.93365955      -3.12612462    
   2.27191281      -2.76022983      -3.33404517    
  -3.28057790       2.54326916      -2.70737696    
   3.98746347       3.20068039E-02  -4.17441177    
  -3.20723677      -1.89247787       1.93392229    
  0.491222501      -3.10755682     -0.949970961    
  -4.38291168       1.18828630      -1.77349508    
  -4.15190268     -0.844178736      -2.87713456    
  -4.39944601       1.62748468     -0.945624709    
  -3.11873341      -3.45602989      -2.01797628    
 -0.306351751       3.26692986      -3.11477089    
   3.31637049      -2.81191659      -1.24461436    
  -4.23366833      -2.35716796       1.37683976    
  -1.67964077      -1.31039178       3.92025280    
   3.55691957       1.51925159      -2.04308224    
  -2.42069650     -0.810999751     -0.919166863    
   4.20615864     -0.135901645       1.31423104    
   3.25122881      -2.43792868      -1.19304025    
  -1.48340285      -1.47892833       1.88869596    
   2.32436180      -1.87852228       1.28192008    
  -3.46958518       1.98853147       3.84526825    
   3.45665050       1.18006432       3.55201387    
   1.15842688      -3.71700716       1.21469855    
 -0.665930867       1.33451498     -0.272805899    
 -0.526118577       1.20705962      -4.02653122    
  -4.04313421      -2.34350252       1.81628704    
  0.689805210       3.02620363       3.55046725    
   3.92567348       3.41901016      -4.21720266    
   2.60764647      0.939443290      -2.93540025    
 -0.610888183       3.48987675      -4.48708057    
   1.95700908      -2.74794102      -3.17776728    
  -1.56222701      -2.85045743       2.90172768    
  -3.34470797       1.64876318      -1.93502140    
  -2.06420946      -2.18247938       4.36110067    
  0.204086080      -3.65962505      -2.84058475    
 -0.873754382       1.86504740E-02  -3.49460554    
  -1.96194327       1.37177682       3.67680097    
   1.79135692      -3.90599132      -9.64694098E-02
  -7.03725889E-02  -1.04140258      -3.69105363    
  0.746226013      -3.75880146      -2.90570378    
   3.11504555      -5.17816581E-02  -1.42362177    
  -1.10142827      -3.72433281     -0.740195334    
  -1.30493987      -3.05189133       3.72701454    
  -2.14858437      -1.62026095      0.947116017    
 -0.110235050      0.268853396     -0.177349821    
  -4.19847345       6.22610524E-02 -0.776573598    
  -3.59247756      0.618118346       1.49152136    
  -2.43258619      -4.17207050      0.108385399    
 -0.421520978      -2.21631980       3.91694021    
   1.13409171E-02  -2.48131728       3.40982342    
   1.17033160      -1.49009168      -3.19747663    
   2.65643382     -0.421866447       2.37998557    
   1.49363601     -0.608788013       2.26250696    
  -2.83599162     -0.436023712      -3.74009132    
  -1.32397127       1.77463663      -3.75425935    
   2.37500191       3.42831039       3.74470115    
  0.367234677      -2.09092426      -4.18447399    
  -2.73111892       1.29779661       3.70330429    
  -4.05104351       1.98857117       1.41783571    
   1.96104264       1.06142211       4.32928181    
   7.72647932E-02  -3.39443684       2.82426023    
   3.92114425      -3.96146965      -1.40789008    
  -1.04267716       1.04026804E-02  0.763698995    
   3.82060862       3.89464092       2.69709659    
  -1.74317157       2.25102854      0.815504789    
   3.94350648       3.32922244     -0.804205716    
   2.90333438      0.407988697       3.00376272    
 -0.271403104      0.632565260       1.38195097    
   1.49527216      -3.55626082      0.138107494    
  -2.46566534       4.34081602       2.12777519    
   3.06077194       1.98820102      -4.41906595    
   3.30981684      -1.99794281       2.08148074    
   1.18420720       1.60808849      0.849212706    
  -2.68296242      -3.22546601       4.31095409    
  -1.96790099       6.46439269E-02  -3.65208483    
  -1.36219168       4.41341972       4.42243910    
  -1.01628208      -1.15610945      -1.74326015    
   2.33154845      -2.13653517     -0.528804004    
 -0.700479329     -0.267709702      -2.83438063    
  -1.18740821      -1.28757310      -1.71464956    
   4.31942606      -2.72946763     -0.744448781    
  -2.20966506     -0.551555574       3.75821662    
   3.16560769       2.96681166     -0.824844241    
  0.785872281      -4.00255251       2.21241593    
 -0.988355517       1.12552536      -4.19574070    
 -0.611791551       2.92392778      -2.53012156    
   2.21320987       4.43949270      -2.43925643    
  -2.43591928      -1.15585041      -4.03625250    
   1.53960907       2.91771865      -1.54933310    
  -1.58920681      -1.02122545      -3.36544633    
   2.95817637      -1.31580555       2.58728862    
  -1.39304507       4.22896051      -4.18903303    
  0.464001298      0.110216275       3.84755898    
  -4.12009382       1.03562462      -2.09443521    
   1.74838853       3.03976345     -0.691393614    
  -3.80214477     -0.748443663      -3.67853689    
  -4.34534597      -3.04726863      -1.44251466    
 -0.836308539       3.08551335      -1.78397179    
  0.948496282      -3.55198908       4.08143568    
   2.42612481      -3.01047301       3.75514664E-02
  -4.39956951       1.55558693     -0.892796457    
 -0.346291989      -3.94039345       1.03904605    
 -0.980692446     -0.113247171       2.12663579    
  -2.97238564      -1.10947061      -3.99319768    
   1.82638502      -1.65317214       3.85774922    
   3.31787562       1.67709482       3.49846721    
 -0.155499473     -0.599872887       1.62322211    
   4.41420460       2.40492243E-02   3.41103268    
 -0.636475921      0.429868579       2.44753218    
  0.746349394       3.94366789      -4.17523289    
  -3.52906442      -2.56512499      -3.89180040    
  -4.13286352      -2.14902949      0.696857810    
  -4.30473089       1.25108600      0.769237757    
   1.89897311      -3.80881715       4.27040386    
  -1.93834364       3.90510798     -0.545573175    
  -4.39451122      0.632319033     -0.161403552    
  -3.97705722      -3.43001366       2.70250726    
   3.65744233      -2.33889198       2.97848620E-02
  -3.53709054      -1.72382164     -0.253024071    
  -1.64692473       2.00757670      -3.85895729    
 -0.802264333       2.24526715       1.37474120    
  -2.66292787      -1.28849149       1.90679061    
  -1.68386149       2.05849218      -3.05162835    
   3.85481000       1.72877407      -4.48136806    
   1.82223940      -1.54291189     -0.170219973    
  -1.48482811       3.98813939       3.59787965    
  -1.71261370      -2.72978997      -4.45910120    
  -2.36484337      -3.35413218       2.93564057    
   3.23677421       3.68620324       3.18222189    
   2.72186422       3.63620567      -3.25545110E-02
  0.818669796      -1.92401850      -1.81581390    
   3.55324602     -0.675347030      0.592159390    
  -1.18217576      -2.01478124      -3.56821012    
   1.26026499      0.940901339       1.16973186    
   1.43519711     -0.316283435      0.239793271    
   4.30339956       3.47375178      -1.05108857    
   1.74466717      -3.91308212     -0.622050464    
 -0.877535760       2.61128306      0.699301839    
   4.20137405       2.55031109      -4.44106865    
  -1.39589846       3.14772391     -0.678507209    
   1.38800204      -1.74489355       4.28687477    
   3.98426580       4.04111814     -0.904985487    
   3.70083833      -4.20923042     -0.328438669    
  -1.99025292E-02 -0.347696930      -3.68516183    
   3.19698954       1.21383488      0.989017487    
  -2.71785951       1.12670171      -1.45254457    
   2.54115129     -0.315370411      0.812977076    
   2.21440148      -1.46637130       2.57096672    
   3.19784355      -1.93756628     -0.653496683    
  0.399494141       1.72694957      -3.38304925    
   3.23297143      -1.76687694      -4.23838139    
 -0.139418557      -4.14089775       3.44402766    
   2.49042106       3.40938997       1.02831078    
   2.77805805       4.20415592       3.49600816    
   2.44652295      -2.68420100       2.10925770    
  0.648642957      -3.31643867      -4.26737213    
  0.998126805      0.458343983      0.233558208    
   2.10179043     -0.470646739      -4.31759644    
  -4.03267097      -1.27281189       4.14645720    
  -2.65923357       4.19193697     -0.579264402    
   1.60713255      -4.01196909      0.108955100    
  -2.01356411      -3.84043670       1.03398097    
   3.77234435      -2.62345290     -0.207484439    
   4.18523073      -3.61869144       2.28462005    
  0.680332720       2.14538074       1.03132069    
  -1.91283631      -1.37285614       3.03813852E-02
   3.69427824      -4.09662247      -3.29330826    
   1.93581700      -3.29776621      0.904181361    
  -2.34891415     -0.943726778      -4.20091581    
 -0.658377230      0.229210347       1.95634711    
 -0.503011882     -0.854458034      -4.11548233    
   3.58593249      -1.67782331      -2.40985823    
  -3.99731421       1.17038953       1.13628042    
  0.833112419      -4.31474066      -3.55620551    
  -3.81801176      -3.14480877      -4.20177794    
  -4.34660101      -1.15729284      -4.40436029    
   3.39933872       2.57465529      0.336976141    
  -3.55247903      -4.14932680      0.261261672    
   2.17230201       2.54786539      -3.79226841E-02
  -2.07790542       2.15686417      -9.91398189E-03
  -3.62473917       1.61757278      -4.47391796    
  -4.06115294      -3.00532055      0.545367718    
  -1.37592721       4.43546009       2.81334472    
   2.46396327       2.25984502       3.19582725    
  -1.23866999       3.36688566       1.12574530    
 -0.646011174     -0.328988522      -4.19685602    
  -2.13062572       4.29997206       1.60581827    
  0.409544379       3.18685937       2.87705135    
  -4.20579433      -4.08825922      -3.10339117    
   1.58839524      0.444409907     -0.226699799    
  -7.36958459E-02  -1.06192315       1.71029150    
 -0.487180412       3.30164361       4.19677448    
  -1.61619902       1.53959727      -3.15910769    
  -4.39721680      -4.34810495      0.453249395    
  -2.89534402       4.22346830       2.11881924    
  -2.68586683       3.81011629      -1.28271079    
  0.925836444      0.808865786      -3.61156583    
 -0.479202449      0.460040212      -2.39179373    
   4.26157522       3.02329302      -3.40933752    
 -0.875300944     -0.635151982      -2.33762693    
   2.07901645       3.80368400      0.924176157    
 -0.459855139       2.04643822      -6.63610771E-02
  -3.18916392      -3.49996185      -1.79598701    
  -1.67684484     -0.641328037      -2.88120985    
  -2.11999130      -2.80966473       2.45211339    
  0.288363248      -1.09933937      -4.49516773    
   2.59916801E-02  0.944155931       1.01451504    
  -3.26375031      -1.99524343       3.80144382    
   4.20133448      -1.63107824      -1.30350816    
   3.05936861       3.54716015      -2.92100215    
   3.94682384       3.41618299      -4.17650890    
   1.18734491       3.75062656       1.26296926    
   3.79801631      -1.72834969     -0.144807115    
   3.59879684      -1.05725825       2.71345592    
 -0.101948090      -1.13814461       4.00476074    
   2.09350514      0.710717857      -3.38550282    
  -4.04452133       3.63181867E-02  -2.09040713    
  -6.11254051E-02  -3.99014354       2.22810268    
  -1.09825313       8.72758701E-02  -3.24870157    
  -3.15220165      -4.30705929     -0.448573232    
  0.201505259      -2.58056164      0.359076470    
 -0.339100987      -1.32185924       2.82098889    
  -4.31852198      0.262518018      -2.80464458    
  0.324773699       3.07886887       4.29138613    
   3.19722843       1.59019601       4.30506182    
  -3.38657832      -3.89692821E-02   2.83932996    
   2.44320416      -3.69729471       1.04434395    
   1.67216754       1.96200180       4.21199656    
  0.807214618      -1.52160227     -0.254627496    
  -1.86405551       2.54058170      0.574920297    
  0.595558286       3.97037888       2.85373187    
   3.63413882       1.77024257       1.76264870    
  -2.00746727      -3.64346695     -0.469995499    
   3.21299553      -2.59371519       3.69029188    
  -3.07088232      0.189288870       1.90520918    
  0.533822954      -2.99722505       3.90653157    
   1.73424256       1.74367106       2.94108915    
  0.272659451      -1.32956743      -3.79823732    
   2.34688592       1.61958230      -2.82717586    
   4.15565491       3.68366790      -2.83030224    
  -1.63326752      0.572778285      0.341137320    
 -0.469637692      -1.46371377      -4.44787836    
  -3.38297081      -2.41378713       1.42444301    
  0.212067276     -0.467645884      -4.20041847    
  0.576046824      -1.27599669       1.02791059    
  0.475349724       2.48790526      -2.49394441    
   1.89805841       4.03278399      0.601098657    
   2.81519604       5.44574335E-02   3.71776199    
   2.97537684      -1.09308827      -3.39515781    
  -1.19244969      -4.34986973      -2.87901759    
   2.56777763       2.22596383       3.45316958    
  -4.13428497      0.964069724      -1.36919332    
   3.37043571      0.317467898      -1.13133287    
 -0.545363963       1.02819431      -2.14770126    
  -3.36454034       6.05964707E-03  -2.36258173    
  -4.36145210       3.86208582      -4.05183125    
   3.64418840       4.05014229       2.86453938    
  -4.07694483      -1.91454494       2.94574547    
 -0.176202372      -1.09388697      -2.67954326    
   3.30044127       2.79572892       3.96267724    
  -1.08142972       3.46971822       4.35249090    
   2.99319863      -2.71537638      -2.59740043    
  -8.68574455E-02   2.65673208      0.272566110    
  0.630080462       3.82497478       2.26498842    
  -2.40565538      -2.45136595      0.607976377    
   3.14602709       2.92484201E-02  -2.63254881    
  -1.64700902      -2.99939346      -2.16980529    
   1.96771538      -3.25322104      -2.02872705    
  -7.61543587E-02   1.32607949      -1.96515441    
   1.35985923      -2.36366844      -2.18061686    
  -3.17253637      -2.56597209      -2.18165535E-02
   1.00988340       4.52767648E-02 -0.334340066    
  0.866018355     -0.175166503      -2.08572078    
  -2.62821865       2.18534136       1.08677006    
   2.48530340      -3.91876578      -3.83594823    
  -6.88587502E-02  -1.58657610      -1.11339521    
  -1.71767557     -0.801029980      -3.00216532    
   3.41544652       1.65316200       3.57953167    
   2.33418083       2.70162678      -2.84744406    
  -4.30044508     -0.998559713      -4.11846590    
  -1.79758990      -4.29539824     -0.573708475    
  -3.28692460       1.29590142       1.64400220    
   3.40885353      -3.35025644      -2.62209392    
   2.68477130      -1.51656401       1.24563730    
  0.131224945     -0.984235108      -1.13722026    
   2.85350537      -1.33557284     -0.524506032    
  -2.73110962     -0.185228005      -2.96721816    
  -1.51552975       2.45376396      -2.19848299    
  -1.27756310      -1.82269263       1.28821790    
 -0.346953422       3.57589364      -3.88176417    
  -7.45048001E-02   1.82791281      -1.36063814    
   2.72449589       3.67408657      -2.65731835    
   4.34234571       4.16394472       1.84661102    
  -1.49244881      -1.28781557      -4.06550932    
   3.82537985       3.50924230      -1.45070183    
   1.02892601      0.955568731       2.55329752    
   1.06331789       4.33828878      -3.71566892    
  -1.70294440      0.981032550      -2.98753810    
  0.846644223       1.25031185      -3.30475593    
   3.13120532      -1.38887691     -0.266162068    
   3.87396526       2.34219956     -0.162763432    
  -1.83720934     -0.110760763     -0.158365682    
 -0.752455175      -1.62422466       3.00776076    
 -0.662708461      -1.75514662      -1.28019547    
  -1.66489398      -1.12710679       3.70340204    
   3.08766770      -3.59693336     -0.798187375    
   1.00357223      -1.21968484      -4.28850889    
 -0.273983389       2.11733174      -2.11683559    
   4.48513508       1.00664175       1.01259089    
  -1.28316629       2.78909326       1.77384639    
  -1.69754183      -3.57027650       2.57361841    
   2.32108569       1.08551848       1.38127661    
 -0.159344152      -1.91155481       2.73005605    
  -3.79604292       3.55222726      0.605897665    
  -1.06805730       2.44665122       2.35689116    
   1.53328490       3.90103030      -3.74254608    
  -4.46471024     -0.523407400       3.47337246    
  -2.16246963       2.06915379       2.65402365    
   3.69008851      0.220523745      -3.02444267    
  -1.20440316      -3.14869918E-02   4.48602009    
   2.21606445       1.75296438     -0.235805362    
   3.52563548       3.18690228       3.85371470    
   1.24122298      0.174916521      0.704570234    
   3.70150399     -0.723597288       2.18651819    
  0.553652525       1.93174970      -1.09763885    
  -2.77919412      -2.65356016       1.95630312    
 -0.102384217     -0.402352840       1.80443215    
  -1.05604208     -0.661264360       3.51573324    
  -2.75511432      -1.33449733      -3.40014720    
   2.97577286      -3.61820745     -0.771660864    
  0.505425334       3.10812807      -1.18210280    
 -0.561294675       1.81036091       1.20989311    
  0.775640726      -1.57395899      0.376877755    
   2.27542663      0.340560645       3.90740061    
 -0.978254855      0.446195722     -0.507246554    
  0.375066191      -2.97405934       1.14218128    
  -4.25244808      -1.34554482      -1.56547952    
  -4.34341574      -3.84769249      -1.48585439    
  -4.08082342      -2.30921173     -0.429192126    
  -1.88768315      0.428634226      -2.75593305    
  -3.71400476     -0.975558162      -3.38199401    
   2.41193867      -3.17859244      0.608554125    
   1.73786831       3.72732568     -0.248642951    
 -0.542770267       3.16338468       1.59866703    
  0.420876175       4.36769819      -1.75053477    
   4.38105965      -4.46601963      -1.94180095    
   2.89421916       3.90450382      -2.08809990E-02
   3.72540092      -2.19281387      -1.78900254    
   1.96008611      0.412257165      -3.89388180    
   1.62015152       1.82269859       1.27707338    
   3.64028597       4.04162979      -4.30273771    
   4.41138649      -2.79652119       1.96566296    
   4.48695898      -4.40631151      -2.78077340    
  -1.33541250       4.42581463      -2.86012888    
  -4.01321602      -3.36791348      -3.20928764    
  -1.27647305       3.01746392      0.684970260    
  -1.69963825      0.289809495      0.378774613    
   1.59483790      -2.36457133       4.41987371    
  -1.03050053       3.34776735      -3.96774721    
  -4.20691395     -0.553126812      -3.74603939    
  -3.84897780       4.21639490     -0.988633931    
   3.02199163E-02  -2.89763355      -2.80173659    
   2.64477801      -2.62815142       2.27534866    
   2.72295141     -0.976058125      -3.24551082    
   3.85155320      -1.97731721       1.66029453    
  -4.37888765      -2.18986559       3.53825736    
  -1.61746335      -2.23313880      -1.42036879    
   1.04184783      -2.10710454       2.63302231    
  0.820309699      -1.52299762      -3.55151057    
  -2.48372960       2.22018790      -9.19348672E-02
  0.137735739       2.98520875      -2.64863348    
  -3.92723727      0.405482978       2.76629233    
 -0.996844172       1.43710792      -3.70171332    
   3.75291514      -1.42833013E-02  0.528576016    
 -0.923186958       2.29252625       3.84045005    
  -3.54526162       3.63915610      -3.18632722    
   3.67906904     -0.883149087      -1.75617170    
  -1.67401242     -0.320753604       3.21367145    
 -0.425851166      -2.92489290      -3.40072536    
  0.437052071       4.14980459       2.52475452    
  -2.94902468     -0.717576802      -3.27997279    
  -2.30059910      -3.70551729      -2.74935412    
 -0.133842781       1.46818125     -0.245283753    
 -0.173423603      -4.19655371      -1.74954724    
   1.51782203      0.608884573      -1.71501005    
  -1.75938129       3.15705585       4.01680803    
   2.76189780      -1.91981971      -2.69724083    
  0.902541995       2.68911910      -2.85880661    
   3.45023312E-02   4.47675610       2.28871417    
  -2.56948400     -0.300419778      -3.54859948    
 -0.342837304      -4.05209780       3.91139174    
  -1.54778171      -4.29569435       3.88268828    
  -1.77939379      -2.93880081      -2.09410810    
   3.23879457       4.17046642       2.40595937    
  0.243470043      -1.10637856       3.55579352    
  -4.16411161       1.98445511       1.17777801    
  -3.78124022       1.56764829       4.13832998    
  -1.10236549      -2.35005522      -3.68676043    
  -7.46893361E-02   3.22828937      -2.60045981    
  -2.95197296      -1.63659072       4.03258276    
   1.84029758      0.466554761       3.86141634    
  -2.86190605      -2.76643825       1.12811685    
  -1.52292681       3.02137899      -3.42610502    
  -4.21124744      0.963072479       1.97351325    
   3.25737095      -3.14709473     -0.683400095    
  -1.82079852      -3.31987929       1.69420516    
   4.32007074      -1.06812871     -0.945712149    
  0.986814320       1.00296497       2.35254693    
   4.17122555      -1.58881259       3.74606514    
   1.97987437       3.84907651      -2.06661654    
 -0.194045499      -2.18138170       1.60065448    
  -2.84213758       2.33604598     -0.207239285    
  -4.44672441       1.16474569     -0.741994023    
   3.83616805       3.09430885       2.77532601    
   4.12079048      -2.24388742     -0.908095241    
  -2.42041874       4.16877699     -0.171332553    
  -1.74342752       4.28836203       1.48984659    
  -2.79710436       1.41784263       1.56093526    
  0.565290093      -2.44481397     -0.693865538    
  -1.80811214       2.11012506       1.00777519    
  -3.36248946      -3.06452060       2.91239977    
   4.25992870     -0.993673801      0.639493406    
  0.366235286       3.60170341       1.38670599    
   3.90890479      0.224636108      -4.32662153    
   2.56753850      -2.52682257       3.77365017    
 -0.908727705       3.04986238       3.41750169    
  -1.60697865      0.720750391       2.46154976    
   3.94296455      -3.35342836      -4.17925835    
  -3.40314221      -1.15165651       1.33071697    
   2.50958562      -3.32649803       8.59320834E-02
   3.36232901      -1.95037711      0.258995205    
  -4.31878471       1.02116156      -1.69436347    
 -0.862226248     -0.908011556       3.93271899    
  -1.98625481     -0.103548832       2.08836699    
  -1.61543083      -4.04288197       1.24430108    
  -3.88704371      -3.45038772       4.36116409    
  -4.36625528       4.37078333       2.10130072    
  -2.80276608      -2.28204894      -3.75725603    
  -2.79811978       4.35839176       3.59799170    
  -2.81453609      -1.94062245       1.42557871    
  -2.81507087      -1.83652377       1.32853472    
   3.12247467      0.769626677       4.05363894    
  0.916291535       1.64407730      -2.44349957    
 -0.678562999       1.66698229      -3.35855246    
  -3.99280810     -0.790102124      -3.03376818    
  -4.38653946     -0.920841634       3.67027092    
   1.11479318      -1.43678331       1.26109922    
   3.69313192      -1.44091928      -2.93820643    
   2.03302622       2.90745044       3.42456007    
   1.23832238      -2.42502522       2.07436872    
  0.552829623       2.99369264      -3.94930816    
   1.39200926      -2.56857276     -0.279384822    
  0.235549480       2.12275147       1.70015383    
   2.40527916     -0.258711427      -2.31388879    
  -3.85856891       1.32033253      -4.42808390    
 -0.664531291      -4.21479845       4.71596755E-02
  0.351446658      -1.86709344      0.271026522    
  -1.98765659       2.08767295      -3.28465056    
   2.81181908       3.36602092      -1.20019805    
   1.73806250      -1.56792510       4.10073757    
 -0.805774271       2.65796161       3.93245625    
  -3.31233263     -0.789007246      -1.04636896    
   4.38634109      -2.80742979      0.357920974    
   4.39075899      -4.08019781     -0.608244061    
  -4.20848894      -1.10990679     -0.214047283    
   3.82778144       1.66553020      -2.40546703    
  -1.86102409E-02   3.01706600      0.117885247    
  -3.15615201       1.01409876       2.50053525    
   4.36512899       1.13988054       4.15815401    
   3.49132776      -3.13819408     -0.525340736    
 -0.635569334       1.04174221      -4.15491104    
  -1.45895982      -2.05007529      -4.43301868    
  -2.31186223       1.87089360      -3.59594631    
  -4.18900204      -2.13247061      -4.46834803    
  -2.52049255     -0.237200648       1.34408462    
   4.44547796     -0.639684916      -1.51829839    
  -1.20782566       4.24439526      -2.68585443    
  -3.03738379      0.981391966      -3.29070711    
   3.63738275     -0.465163767      -3.62273574    
  -4.45819759       2.58993745       3.90053368    
 -0.124201313      -1.38529778      -1.33604765    
  -2.20663691      -1.08437908     -0.302747399    
  -2.25866270      -3.95338726       2.75662994    
  -2.77663970      -2.66210294       2.48741817    
  -3.02724171      -1.52654457       2.38795495    
   2.40505290       3.89913845      -2.00641274    
   3.41013241       2.63009286      0.470979333    
  -4.12101650       1.89371061       2.94351125    
  -2.90821934      0.476198375      0.731995821    
   1.54466820      -1.25485611       1.56094337    
 -0.370495707       3.51265359       3.57453680    
  -3.96323251E-03  -2.53775144      -4.01762247    
  -1.93764138       2.40203857      -3.96453547    
   3.12660193      -3.25880051       2.48515224    
  -1.79986274     -0.815052569      -1.20594060    
  -1.55416858       1.42263734      -3.30228949    
  0.993126631       1.82114077      0.161275342    
   3.83166957      -2.20021367       4.30303717    
   4.23405504      -1.43493795      -2.20144534    
  -1.44415355      -1.03952563       1.55084264    
   3.83613968     -0.194020286       3.51208425    
   3.09880471       1.40046573      -3.49009085    
  -1.80364633       3.41837549       1.15848541    
   1.80191731      -2.07368779      -4.19144964    
  -2.05384016       2.00338721      0.680212557    
  0.540824056       1.29229808       2.47889400    
  -1.74113584     -0.526328325      -2.78459501    
  -2.31053400      -3.18517065       1.66228843    
  -1.07063925      -4.28946161       7.27082565E-02
  0.462135017      -1.47421193       3.06099248    
  0.789865553       2.94883442      -3.80745244    
   2.60629630       1.60051501       3.86571813    
   1.52754819      -1.31275690      0.685233116    
 -0.439833522       1.18887484     -0.395774454    
   3.21959805     -0.885106027      -3.71864939    
  -3.21809006      -3.59377575       2.28364062    
   3.84092736       3.05911326      -3.02808881    
  -2.23490143      -1.85307300       2.81145430    
   2.03608274       1.63977778       2.10435677    
  0.139603093       2.82923794     -0.129369929    
  -1.54752052       4.24833727     -0.463050187    
   1.99003518      -3.96373081       1.94942915    
 -0.316216916      0.129934803       3.09129190    
 -0.745925605      -3.34078932     -0.946456730    
  -2.94846249      -2.80428100      -1.52807283    
   4.21937370       3.71540761      -4.31848335    
  0.755268276       2.88921905       3.61913776    
   1.98292518       1.37013042      -3.10323143    
  -1.12045646       3.22047997     -0.329120487    
  -3.76849008       2.20820332      -4.28268194    
  -4.31896400      -1.62944210      -1.19468129    
  -4.36147070     -0.532652974      0.779227376    
  -4.24123096      -3.94116211      0.880385876    
   3.77226996      -1.05301821      0.823444128    
   1.15437460      -2.88124371       3.41438961    
  -2.34839272      -4.38013887      0.404241651    
   3.79029226      -1.50181246      -3.69015145    
   1.97514570      0.419281334       1.38350821    
   2.71028709     -0.997211635      -4.20271778    
 -0.531695962      -1.95098698      0.352171391    
  -3.37843943       1.04849601      -4.33378839    
   3.07261300      0.452776790      -4.46448363E-02
   1.60299337       1.38757503     -0.928578734    
   1.80257559     -0.408747762     -0.715140283    
   3.80956054      -1.85250115     -0.113362506    
  0.879693866      -4.41443205      -1.05607378    
  -2.57016110       4.00249863      -2.65661716    
  -2.86484575     -0.376895994      0.988294363    
  -4.09107494      -4.20994282       2.96328282    
   2.84914994      0.575932026       3.56918001    
   4.42940034E-02   2.42011619       2.46049619    
  -4.38570309       3.42388749       3.31083393    
  -4.47021294       3.52600241      -3.12724304    
  -3.13527513       2.01375437       1.44383430    
  0.531411111       2.75822854      0.635171831    
  -2.50241804       2.99497581       3.23769259    
 -0.413655668      -2.96352577       1.26231098    
  -1.07882905      -3.26227450       1.89620554    
   1.92102993       3.94511032      -2.59818912    
   4.36332560      -1.47764838       4.39828730    
   4.04317856       2.44807768      -2.67084146    
   3.71979512E-02 -0.276723534       6.75417855E-02
   1.33559000      -1.52955556       2.97488761    
   4.37439203      0.761634231      -3.59641933    
  -3.55503249      -2.60743999      -3.79506540    
 -0.416388839       4.22478485      -1.37317848    
  -4.03182411      -2.34231281       1.41176319    
  -3.27364826      0.881252766      -2.17558765    
  -4.06055117       1.48332882     -0.938034594    
  -1.34133053     -0.970480740      -2.02306175    
  -3.65975761      0.373546451      -2.55811357    
  -2.17693472      -3.48883057       3.70687652    
  -4.01004028     -0.345390230       2.08708066E-02
   4.34855856E-02  -3.56716728       1.17491710    
  -4.12000132       2.69512892      0.476080894    
 -0.351150542       3.62004495       1.63460970    
  -3.37212133      -4.34391832      -3.93698263    
   1.35893226       3.41151810       4.13328886    
 -0.635002851       4.01360989       2.45252895    
   1.92973530       2.51119804       1.73799598    
  -3.85489154       3.69347954      -1.96418941    
   3.46364474       2.73151302       2.08588505    
  -1.69735730      -2.56257319     -0.899042249    
 -0.749927998       2.50931787      -3.48434496    
  0.548298299      -2.82885098      -2.89887929    
 -0.301603168     -0.124375656      -3.91217327    
  -3.64283609      -3.83675385       2.88634372    
  -4.26140976       1.48416185      -1.58296645    
  -2.00408030       1.32237744       2.20469618    
   3.37232232      -3.32059550       1.19987512    
  -4.03443384      0.951767504       1.04176581    
  -4.41538477      -4.47679329      -2.14513183    
  -1.51876664      -2.53573656     -0.750551343    
   2.77743101       3.64131474       1.43956530    
   3.28070188     -0.780837774       2.06128168    
  0.865738332       4.67358865E-02  -1.42090893    
  -3.93650270       2.39472580     -0.664088190    
  -2.61683846      -3.81048322      -3.63653088    
  -1.63698339       2.36685705       3.16598535    
 -0.607620716      -2.71297312      -3.04192567    
  -2.37056136      -3.38088346      -5.38179949E-02
  -1.05900967      0.753694892       1.92396533    
  0.485690713       1.56295228       3.86236954    
  -2.84434295     -0.143042758      0.483248293    
   4.14434338       1.75018716       4.43847227    
  -3.34151673       4.18412781      -4.44350624    
  -2.99594736      -3.42651963       2.16819239    
  -1.78786957      -1.29332650       4.16619682    
  -2.36644626      -3.80524659       2.73970079    
  -1.76503003      -1.15225995      0.911407232    
  -1.76902485       3.74868512       4.30787897    
  -3.92194891      -3.02814412       3.22119880    
   2.84135866      -1.52226853      0.521713316    
  -2.94073677      -3.80702424       3.34355092    
  -1.45709300       1.41746926      -4.41359615    
   1.25221729      -2.19160748      -1.59593225    
   1.17405128     -0.881548882       2.69319725    
  0.968367696      -2.77352357      -2.04716086    
  -4.19224882     -0.466136336      0.513601243    
   2.99570060      0.986672163      0.643004417    
  -4.29595375       2.07139945       2.12898636    
   5.91373518E-02 -0.885789454       4.35708380    
   2.43700767       3.06921840     -0.109856322    
  -4.13915634      -2.34577489       2.14760041    
   1.02242923      0.332157820     -0.890526772    
  -1.80640626      -3.86259055      -1.37594819    
   4.16952705      -2.06432319      -2.61632395    
  0.379958004      -1.89853966      -2.81706333    
 -0.598206162       2.60169697      -1.04517591    
 -0.637039721       2.03000164       1.10084677    
  0.766501367       2.23076391       2.66584086    
  -2.56498933      -4.46435690      -4.07147217    
   4.25341177      -3.97854900      -1.09314454    
  -1.16120994       3.07215953      -4.41232491    
 -0.470102251     -0.685249746       3.68355250    
  -1.94770133     -0.490581989      -1.14867973    
  -2.39138174      -1.46346974      -2.65466022    
  -1.30794609      -4.35389185      -1.70141494    
 -0.107431069      -3.12259579      -2.43131876    
   2.63147950       3.86650777       3.61768675    
   1.18604779     -0.328240722      -1.21913385    
 -0.997013152      -3.39616132       1.80217159    
   4.12856817      -1.67304087      -3.01033044    
   4.45038939       2.15208888       2.72056913    
   3.93217468      -4.03408289       3.35088348    
   3.73773861      -1.60995483       3.11578155    
  -4.04518509      -1.37525296       2.96158457    
  0.360390216       1.43342519       1.22902107    
   1.86394882      -3.94513559      -2.86364532    
   3.36546946       1.93724394       1.98277974    
  -2.04325080     -0.860024154      -2.72228742    
   3.67094469       2.40141678      -1.57448685    
   4.15470409      -1.19734740       1.70072079    
   3.86952996      0.455063641     -0.608229041    
  -1.33977699       3.72994947       3.01520872    
  -3.95203424       1.10006678      -4.28097391    
   2.90366173      -4.24696875       2.51834941    
  -3.59017730       1.38116562      -2.39473176    
  -1.28328049       1.88554215      -3.00576901    
 -0.709319353      -1.44555950      -4.46116829    
  0.796987891      -1.48400152      -1.82252049    
 -0.475328803       1.88726199      -2.09336185    
  -3.55986691       3.43558288      -2.77633286    
   1.85479069      -1.26592612     -0.320081979    
   3.64220047      -3.40855217      -3.81547070    
   3.63266897      -3.95283151      -2.83031011    
   1.69890821      -3.33869243       1.53829479    
   8.14645961E-02  -3.55717826      -3.53360629    
   3.75681114       3.84503007      0.195747092    
   4.21982765       3.67412043       1.37917376    
  -1.70585346       1.67417920       1.70108294    
   3.98832464       3.19133449       1.32336771    
  0.596301258       3.31652284      -3.16885805    
   1.53638291       3.92100596      0.518186212    
  -3.70699573      -1.73914671      -4.08350563    
   1.76824164       1.10048091     -0.788210094    
   3.83183098      -2.54467535       3.11170769    
   1.83058107       4.07202482       1.62920284    
   1.89112067      -2.38101482       3.50348735    
  -1.51488233       2.59078836       2.51301384    
   4.10104847      -2.61722302       4.13246536    
  -3.97233057      -3.65155649       4.28865194    
   2.83268929      -2.19778609       2.75189424    
  0.104469903       2.93184996      -1.31483674    
  -1.07128024      -1.60860622       4.04251909    
 -0.846851826      -1.63184595      -3.02101731    
  -2.05654860       2.06766415      0.104330428    
  -3.18847203       4.44277191       4.32820272    
   3.60317540       3.97637320       3.27130556    
  -2.61285067      -3.55019736      -2.37501860    
  -2.22122073       1.91663861      -3.99250937    
  0.126110509      -2.63196301      -3.01615667    
  -2.75933409      0.611556590       2.85303545    
   3.66474485      -2.76306772     -0.411397249    
  0.963169038      -3.19411755       3.81659555    
   1.93001051E-02   1.15709758       1.63113999    
  -1.92115116       4.37711525     -0.287359565    
   3.97787690       2.77114534      -3.38237381    
  -9.82461050E-02 -0.323791474       1.06845534    
  -2.46898007       2.30904055       4.16044188    
  -2.06221557      -4.18755245      -3.82428765    
   2.78821921       3.06380939      -2.10598922    
  -2.67545009       2.32911420      -4.33667278    
  -3.70379901       2.78072357      -1.40941405    
  0.300599486     -0.207605675      -3.50028896    
  0.306608707      -3.36938119      -4.48390579    
  -3.78034759       3.17132998      -2.86416245    
   3.46911097      -2.27004337      -2.86203313    
  -3.49247622      -1.96994913       3.98056817    
  -1.38865805      0.175111249      -4.21364927    
   4.46444416       3.10977650       1.76951301    
 -0.776468456     -0.503291368       1.53236818    
   2.48009849       2.09675980      -4.04916143    
 -0.308544725      -2.82079959       3.97951722    
   2.93940210       4.23503590       3.69388866    
  -3.27971816      -4.13837433       3.03960133    
  -1.47072673       2.53301096       2.58721185    
   1.46460593      -4.25898504      -4.19041967    
   2.50913596       2.06500125       3.04483271    
   4.17036724      -2.78119993      -1.36626756    
   1.42019331      -3.96577787      -3.42748737    
  -1.51811433      -5.81095293E-02  -1.41313756    
   4.46195555      -2.01826859       3.49144745    
   2.58255243       3.54729629      -3.70649934    
  -2.78635573       3.12048650       1.05575347    
   2.94259119      -2.48503804       3.70732236    
   1.53545272       1.24608529       3.87004066    
  -3.41534662      -4.22978163      -2.22374511    
  -3.80651689      -4.20479727      -3.69003344    
  -4.20391941       3.13396955      -3.76684165    
 -0.540969968     -0.230577737       1.58568347    
   3.29525781       1.52596033     -0.959353328    
   2.71715355      -2.33366370      -3.80991578    
  -3.79642963       3.04624891      -1.72589552    
  -1.21573067       3.58250618      -3.61371374    
  -3.29083467       1.41639853       2.66358185    
  -1.49588525      -3.07310534       4.22839069    
  -2.24792838      -3.48501062      -3.36855388    
   2.77814555      -2.66262484      0.238495618    
   1.77256107      -3.08165622       2.81964636    
 -0.961114466       2.02145982       2.75288272    
   1.55020535      0.648665488       3.68031240    
   3.01989627       4.15151501       4.21653080    
  -1.90039361       1.40105629       1.97547555    
  -2.20024037       2.51984978       1.39242768    
  0.531496406       1.73957849      0.832625329    
   4.10502243     -0.678056598       1.14862394    
  -1.81646347      -2.79717731       3.97306824    
   2.80679464       1.64807808       3.97599816    
   1.24675846       1.31710100       2.25130224    
 -0.329947680      -4.35784340     -0.240239590    
  0.708504498       2.23015833       4.47604847    
  -3.14431095      -3.09476852      -1.79602456    
   3.79400873      -2.52183580       4.02869034    
   1.84110761     -0.128003076      -2.92073870    
 -0.379590005      -3.02507877       2.94634199    
   2.91929722       4.20200682      -1.19550252    
 -0.856839299     -0.981902659       1.43588746    
 -0.373198837      0.891809940     -0.960257232    
  -2.59362340       4.04620647       3.80125976    
  -3.95138097      -2.62192011      -2.75248647    
   1.44059634       2.71836710      -3.91522741    
   1.65680599       1.54098880       2.75282478    
  -1.72931373      -4.27948761       4.47639036    
  0.273554772      -2.70389915      -1.27194929    
   9.21918228E-02   2.55192471      -2.64241433    
  -2.41448998       1.97656620      -4.09974098    
  -3.08571124      0.841147780      -2.49454689    
   1.54985023      -3.94455624      -1.18537402    
 -0.450919092     -0.170869067      0.714287877    
  -4.40386057      0.716958284      0.929317951    
   1.20092058      -1.98363054      0.289081007    
  -4.33775520      -3.88895082      -1.81020427    
  -2.45893741      -2.73494315      0.902058125    
   3.18841362      0.322482020       4.47556114    
  -3.04306459      -1.96287835       4.41299820    
  -3.24152279      -3.26401043      -3.63907504    
  -3.19542480     -0.275634021       3.39433098    
   2.81958127       4.24350500      -2.21703267    
  -3.18119836      -2.80833960       2.02793646    
   3.67847419      -2.82834578      -1.38907599    
 -0.927815378      -1.64447641      -1.79459441    
  -2.18226433     -0.444047809       2.04176807    
  -4.05316353      -4.33795786       2.34352612    
   4.00426340      -4.44379997      -1.17310345    
  -4.29069853      -4.23145819      -2.39450049    
  -2.82510781       3.57257295       3.76093650    
  -4.40410805      -4.49911690      0.284085125    
  -3.94155216       1.60063362      -4.46526241    
  0.400391072       3.84964776      -3.55170870    
  -1.74337113       3.21412086      -4.34187794    
   1.02060962       3.65881395      -2.47842193    
 -0.237923771      -2.93429685     -0.367873579    
  -2.18201113       1.22423387     -0.861569107    
  0.997887552       2.87098169      -1.57970917    
  -1.99751472       2.02062464      -2.94811869    
  -4.29921293       1.77953374      -3.76161885    
   2.01867962       3.73504877      -4.33202553    
 -0.623217762      -4.07172966      -1.63286948    
   1.73774445      0.192023113      -2.26631069    
  -1.61788392       5.16716875E-02  0.648897231    
  0.708621979      -4.10772753       2.55018926    
  0.661151707      0.399491996       3.95468593    
   2.37742400       2.33440447       3.27387094    
   3.27685404      0.454496622      -1.37879777    
  -3.24797893       2.62920618      -2.95446754    
  0.727968216       3.19058132      -3.36090684    
   3.33321261     -0.229163140      -1.54899836    
   1.24366534     -0.602794349      -1.72874403    
  0.238281041       4.18073177       3.00550723    
   2.20386934       3.50219011     -0.507509947    
  -2.41200566      0.503777385      -1.71065891    
   2.52452970      -4.96584214E-02   2.98135138    
   1.39861226      -7.85399154E-02   1.44613194    
 -0.474689901       4.38868441E-02 -0.627960443    
   3.61568403      -3.54422140       1.57574856    
  -1.32410002       3.98243976      0.986606181    
  -1.52235818     -0.198948577       2.30461264    
  0.765477836      -1.04501021      -1.82786286    
   3.89436889       3.31809354      -2.83973765    
  -1.54028499       3.23381042     -0.748415768    
  -3.12505007      -2.13048697      -3.41078591    
  -1.14458454     -0.329506725      -2.50171638    
 -0.701147199       2.20691919       2.10787058    
  -1.47638881      0.254259497     -0.783025920    
  -3.70344806     -0.564404428      -2.28859663    
   2.63477612       2.29123116      0.738093019    
  -1.74759614       1.49586117       1.74456799    
  -3.36526561      -2.78517008     -0.548396468    
   4.10043812       1.08999836      0.421172827    
  -1.01633632      -1.58643508     -0.505608261    
 -0.139510825      -2.83310771       2.62906551    
   2.21311617      -4.41860771     -0.412618726    
   2.37798929       2.90311718       3.44801283    
   1.63043404       2.59024596       1.53157961    
  0.294023246      0.259687752      -3.80841422    
  -3.57320857       2.18922615       3.38139272    
  0.751189172      -1.35979426      -3.43248820    
   2.77619004       2.03387642       2.56123638    
 -0.166145161       1.94262171       2.10056996    
  -1.60900044      0.173621550       1.39346671    
  0.847364664      -1.21327972     -0.683854997    
  -3.84875417       1.93124163      -1.85244691    
   3.02749825      -1.68144155       4.46740675    
   3.35055780      0.216741294       4.25006533    
  0.875680745       3.99257636       1.80476105    
  -3.91617084      -1.81698549      -4.40170288    
   3.56729603      -3.93433428       4.37946606    
  -4.33174181      -3.99712801       2.61017537    
  -3.80904770      0.698807776     -0.780693471    
 -0.977573574       3.98055148      -3.61681128    
   3.46653461      -3.30953884      -2.31875825    
   4.06483841       2.32388878       4.20234346    
  -4.14703465      -4.03259277       1.37951660    
  -2.13381505      0.408753663       2.80492997    
  -3.86252666      -2.20424557     -0.914342105    
   1.75851703       4.27954006      -2.64346647    
  -3.54173732       4.32919645     -0.747545123    
   3.94468498      -1.38415897      -4.13211775    
  -1.15090489     -0.840480447      -4.29280806    
   4.42261887     -0.407401294       3.41581011    
   2.34972429       1.22332513       2.57373977    
  0.473348260       3.21096277      -3.15115023    
   1.44841230      -3.20737243       3.38488317    
   1.91539943       2.33388519      -4.31207037    
  -2.31973672      -2.87621140      0.220113903    
   3.99383497     -0.770519316       3.26141262    
  -3.76752067      -4.19611406     -0.522777081    
   1.04804754       2.70804048       2.70704556    
  -1.36773419      -4.04786682       1.33724391    
  -1.34025550     -0.964935005      -4.27329874    
 -0.899307251      -4.40881014      0.375060827    
   3.17840028      -1.67913437       3.49553728    
 -0.653355062      -2.26536942       1.94571650    
  0.839779317       3.45155764       2.46087122    
  -1.78595817      -3.95813847      -4.16539526    
   2.85997057     -0.899625897      -2.04231834    
   3.26862717      -1.47776210       3.23369074    
 -0.811569989      -1.01621938      -4.03985357    
 -0.468299270      0.981150031       3.62072992    
  -3.05810642     -0.825072765      0.935230613    
   1.62173665       3.25662684      -2.57821798    
  -4.38238668     -0.983347297       2.18654561    
  -3.97664094       3.39832807       1.04347491    
  -3.70911407      -1.40540957       1.08109126E-02
   2.93652940      -1.71142173       1.60412312    
   1.11620402       3.19075894     -0.446148515    
   3.56935978      -2.62220883      -2.06408715    
 -0.417893022       1.32128048       3.02717853    
 -0.443495274      -4.20806026      0.227287203    
   3.95693350       1.19996035      0.357154399    
   2.98222351      -2.56995392      0.209807232    
  -1.41050518      0.183815017       2.68021488    
 -0.940833211      -2.39932108      0.464854777    
   1.38875413      -1.70555258      -2.83176184    
 -0.754407823       1.54049361       2.61211252    
  0.604940653       2.37749314      0.184946373    
  -4.03272438       1.21189141       3.42529225    
  -2.69981098       1.75764537      -2.76124430    
  -1.07148468      -1.82474566      -2.07861447    
   2.60894156     -0.560346782      -3.29230237    
  -3.31133652      -3.03107142       4.26161575    
   2.23481941     -0.209842101       3.20133162    
  0.280392796       1.46372557      -2.37679148    
  -1.78069997      -4.15057945      -3.45290732    
 -0.791481853       3.51286602     -0.122787252    
   3.76088023      -3.89984322       2.25371933    
   2.55779767       4.45933390       1.90688133    
   2.96668434      -1.66895700       3.91261601    
   2.94291139      -4.43499184       3.41871548    
  0.553492129      -1.24819613       1.99429774    
  -2.86509085     -0.489863694       4.36432123    
 -0.108212128      -3.29505610      -3.94788551    
   3.85210323      -2.74582958       1.64211881    
  -1.21560466      -3.04428124      -3.08156610    
   1.68688965       4.29086161       3.96348834    
   2.99023747      -3.61415911      -4.02735329    
  0.229542404       3.49603462       4.36218691    
  -1.90834737       2.53733778     -0.848160207    
   2.96437669       2.13348556      -2.77870059    
 -0.151529804     -0.562137961       1.74552011    
   1.15555108       2.45863104      -3.14763546    
   4.33852816       2.78071618      0.812477112    
  -1.00218067E-02   4.36621952      -2.23844147    
  0.765908599      -3.32524109       2.96181774    
   3.92423844      -3.58321704E-02  -3.68192291    
   4.15923929      -2.33628631       3.21162224    
 -0.180452600       1.62157035      -3.58943439    
  0.776325226      -3.96045542      -2.32258844    
  -4.37716341       3.19486952       1.50625360    
   3.37713385     -0.626277626      -3.87450767    
   2.40648627       4.32321453      -1.61890316    
  -3.61694479      -3.88933063      -1.42162461E-02
  -2.21761942       1.06335163     -0.983456194    
  -2.35103965      -2.62935519       2.41255069    
  -2.99048948      -3.55607796      -2.74664235    
   2.33851314       1.19745946      -1.80379975    
   3.23564196      -4.27405453       2.35677147    
   2.04909897       3.43811655       3.28353548    
  -1.80380189       2.41941023       2.98349929    
 -0.654871047      -3.08704758      -1.85370493    
   2.68792129      -2.68635869       3.91634417    
   2.86596417       1.61618721      0.125125602    
  -1.51744163       2.10898256       2.23271561    
  -2.55273581      -4.06182194       4.20892382    
   3.46147323       3.86988235      -3.17997313    
  -2.28491664      0.222776264      -1.73029542    
  -3.15821838       1.22842991       4.40648413    
  -2.35076594      -3.68088603       1.20933580    
 -0.449547946      -4.34362330E-02  -6.83496669E-02
  -3.26747918       3.12717652       2.50516462    
  0.218338281       4.06304979       3.35500765    
  0.614390075       2.71990824      -1.29551089    
   3.81756377      -3.84623599       3.58527541    
   1.05295706       3.96238017     -0.485574305    
  -4.06818819       3.61047268      -2.11541653    
   1.69178534      0.620605290      -4.13452053    
   2.00790715       1.26940227      -3.05524731    
 -0.156981662      -2.92979932       2.62859511    
 -0.432432771      -2.18047571      0.494916439    
   2.43821096       1.73791718     -0.217868358    
   3.65837908       2.66725230      -3.51284552    
  -2.49331307       2.36821270       1.90642047    
  -1.61953616      0.569768310      -4.08426285    
  -3.52175260      -2.40608335       3.61541367    
  -2.62656045      -2.69264364      -1.17672765    
  -3.34738541      -1.22667146      -5.07334508E-02
  0.669036865      -2.27424049      -1.98930502    
   2.84032512       1.90602088       1.72930729    
  -3.90534449       1.03698337      0.207421139    
  -2.86631298      -2.52625012       4.20247984    
 -0.347963005      -4.09756470       3.67248249    
   3.90217352       3.03422189      -3.94616675    
  -4.29151344       2.93344426     -0.732373476    
   2.23979330      -3.58759499       2.43333197    
 -0.346757084       3.57284975       4.23335218    
  -2.79323030       1.36602235     -0.597466946    
  -3.94525480       2.37005806      -5.77694224E-03
  0.158898905      -3.56725192       3.05616927    
   1.36022449       1.29131484       1.54804623    
  -1.33335578       1.39045894       4.02434540    
  0.838098109       3.16997218      -1.95681334    
  0.364579290      -2.34953594       1.03460431    
 -0.655817866       2.53645921       2.93976307    
  0.578639984      -1.10990572       4.44266176    
  -2.87311339     -0.281517714     -0.894119859    
   1.56801307      -4.26670742       2.76466632    
 -0.997133851      -3.99363852      -3.68024969    
   1.30483639      -1.42597461      -3.95176077    
   1.12261021      -4.38794279     -0.829031706    
  -4.37356234      -1.35165429      -3.14088321    
  -2.20240760       2.38980722      -2.27865052    
  -3.26373148     -0.522398889       1.65535605    
   1.32579625      0.381067902      0.948870718    
   4.50042523E-02  -1.25547349     -0.929621577    
   3.88756633       2.46086431       1.30928779    
  -2.19785428      -4.28313160      -2.97304296    
 -0.567414939       3.78470683      0.237727433    
  -3.34155917      -1.09544480      -1.27366745    
   2.66833425      -4.01265717      -2.74030542    
   1.69611919       1.37561989       2.88845515    
   1.74284863     -0.784966230      -3.80481696    
  -3.42767406       2.80864382      -2.40313625    
   2.77356543E-02   3.93184733      0.804480910    
   2.54612851      -3.38857460      -9.92862657E-02
  -3.94814610       2.35635209     -0.674425960    
  -2.07157207       4.02871418      -1.66441274    
  -1.53442276      -2.09466600       1.64119291    
 -0.986269295      -1.91813159      -1.22603309    
   2.98567438      -4.12396383       1.90673375    
  0.938689590       2.56461310      0.786516547    
  0.893342018      -3.16124749       2.60872364    
 -0.824254692       1.21463907     -0.902566671    
   1.05633819     -0.403974503       2.39287877    
   4.22563982       1.15783310      -3.92089367    
   4.38993263      -1.65335989      -3.66545510    
   1.12923050       3.77002978      -2.92617989    
   3.72598243     -0.840263188      0.738410056    
  -3.96724033       4.12621832      -3.74398923    
  -4.34171152       3.33303976      -1.70519471    
  -3.69139218      -4.09526920      -1.30960643    
  -3.23683715       2.43006015      -2.10334611    
   2.86340809      -2.13998342      -2.46857619    
  -2.06078005      0.339553744      0.525865376    
 -0.767442286      -2.39375973     -0.697741866    
   2.65649557      -4.39467716       4.08372688    
 -0.763887286       2.44821167       2.78576994    
 -0.214331061      -3.21560407     -0.616961241    
 -0.990324259       4.29740763       2.54938364    
   2.56503105       1.48711932       4.36339092    
  -2.88296151     -0.209822252       3.45044769E-02
   2.04723763     -0.688163161      -3.30909729    
  0.686822057      -3.34102106       1.93186450    
  -3.30542493       3.17498326      -2.20889688    
   2.83577323       1.97990072      -4.36262798    
  -3.94653463     -0.457467437       3.72766423    
  -3.53770161      -2.01430488      -1.25688219    
   3.25662112       4.39427280      0.638769746    
   2.28154516      -3.12579250      -1.95843339    
  -1.88956869       2.47069502       2.29836750    
  -4.30072641       3.78429151       1.28811383    
  -3.94128394       3.39488196       2.00956964    
   2.62592483     -0.319226354       2.86845922    
   2.06170273      0.561764061     -0.260039121    
   1.63662398     -0.445209742      -2.68412066    
  -3.01514292       2.17685533      -3.25807595    
   2.06765175       1.37710416       3.67932606    
   4.09788513      -4.25876760      -1.64543831    
   2.24164128       4.02558899      -3.76455951    
   2.74225259      0.176053241      -3.00055385    
   3.02801371       2.73294854       2.58365464    
   4.05126953       2.41715813       1.52332103    
   3.67112708      -2.40676260       3.28465867    
 -0.478223979      0.388797492       2.18862748    
   4.11072063       2.46377397      -2.97138214    
  -3.96317935      -3.72096038     -0.353703469    
   4.40237522       4.29050112      -2.35890055    
  0.204765216       4.39829445       1.87650526    
   2.71252632      0.920305729      -1.53324091    
  -4.31956816       1.46071398      0.597225547    
 -0.289006978       1.75730205       2.57076573    
  -3.04625010      -4.48103333       2.28511524    
   3.81659603      0.609486461     -0.247119457    
  0.464789867       4.21804333      -3.13316751    
  -1.01698971       3.44831920     -0.324095637    
  -4.06911659       3.37316942       3.14477515    
  0.688568711      -1.57230461       4.03716803    
  0.647543252      -2.95293927      -1.27574134    
   2.59265947      -1.61158347       1.18874121    
   3.74346876      -2.50366116      -4.34050608    
   4.19820881      0.672040403       4.34410381    
   3.83673739       2.35712552E-03 -0.898919404    
  -4.01241207     -0.774193406      -4.02587318    
 -0.567405283      -3.67468739       3.40473485    
   2.69761324       2.99448347       4.36634874    
  -1.50048637      -2.48627448      0.458303213    
  -2.83329988      -3.61252975      -2.66683745    
  -2.90596986      -3.90854979      -9.39626172E-02
   1.26501739     -0.239751428      -3.91889286    
  -4.12170696     -0.759213269      -2.95112276    
  -1.95557308      -2.30877113      0.837694705    
 -0.785350859       1.24784100      -1.59426606    
  -2.61878157      0.888093472       3.63436508    
  -2.61336398       1.68641543      -4.21499395    
  -2.21919608       3.34476757       3.48314118    
  -2.45638347      -2.41346478       1.22767353    
  -1.93372536      0.147099331      -3.73108721    
   3.42849278       1.69189155     -0.843891203    
   3.80891538      0.963332653      -3.14749599    
  -4.34454393       3.16423392     -0.371176988    
  -4.29698420      0.406996816      0.764355600    
  -2.71778131      -4.13374710      0.540540814    
   1.72262430       3.82924747       2.59487486    
  -1.56672943      -1.78356189E-02  -2.82589579    
  -2.22396183       2.65897274      -1.07561955E-02
  -7.40504339E-02  -2.41995049      -3.45656371    
  -1.68812406      -3.88579488       1.94053662    
   4.33496046      -2.41948581      -2.98557353    
  0.487720609      0.326059014       2.05760431    
   3.80914497      -1.46868765      -2.61686420    
  -1.30091548      -2.59113693      0.384654015    
  -3.98941135       2.80266786       1.08434641    
  -4.42523623      -1.80268395      -4.22835588    
  0.505117416       3.96359992       4.18045282    
  -4.48373175     -0.492913902       3.15963936    
  -3.29749036      -3.66963291      -4.46241856    
  -1.16646922       1.63688254      -3.01873112    
 -0.593023062      -4.78854813E-02  -2.38267350    
  -2.34507918      -3.75285292      -2.74830437    
  -1.28466618      -5.99001721E-02  -1.44665384    
  0.727559447       2.79070354      -1.72337317    
   1.92007780      -4.42341089       4.31890774    
   2.97022653      -3.39132690       1.32934964    
   2.66644120       2.47706270      -3.92632961    
  -3.00222540       1.08514404       3.47651553    
  0.863818944       2.24711299       2.69659615    
   2.47786045      -2.02444196       3.37567735    
   1.21779656      -4.29645729      -3.40073514    
 -0.773518026      -4.04460621       1.38175833    
  -3.28593159      -1.83682573       1.28087783    
   2.00886273       1.15782070      0.663266897    
   1.73997176      -1.73997176      0.786225796    
  -3.63970280       3.02770948      0.804238975    
   3.94967818     -0.864837110       1.67051852    
   3.15062881      0.966595292       3.11914182    
  -3.84185004      -1.74236047      0.704632461    
   1.90997767      0.494617641      0.495496869    
   1.63838947      -1.67946374     -0.676071763    
  -3.63126397      -4.33075857       3.95227718    
  -4.32095051       2.23470616       2.78319931    
  -3.84770536      -1.57882082       3.43354392    
  -3.80854201      -3.69760895      -1.89109063    
   2.56354880     -0.433584511      -1.39403701    
  -2.59602022       1.89307332      -1.82563019    
  0.300303370       1.27150834     -0.642555416    
 -0.633306623      -3.22273946       2.47788978    
  -3.38946819       2.36018872      -2.64838290    
  -2.16161180       4.08839464       2.01830029    
  0.588055074      -1.63264203     -0.933295131    
  -4.14550591      -7.96541050E-02  -4.18345881    
  -4.14981222      -2.75310373      -3.03398371    
  -2.64222026      -1.36456168     -0.858555377    
  -1.69207287       2.80208683       3.30025029    
  0.763718843     -0.927422702      -4.30620956    
   2.35008478     -0.961264670       2.88903189    
   2.06357646      -1.41123104      -1.17880630    
  0.733439922      -4.13174057     -0.410828620    
  -3.44719791       4.06665839E-02  -2.50124288    
   2.58159685       1.80385876       3.50618409E-03
  -3.56493402      -4.23147345       2.32048059    
  -2.60018039       1.40966189       2.94031715    
   3.04988766       4.34718847      -3.95730591    
   2.76151681       1.91097760       2.32210493    
   1.36284506      0.448881149     -0.525871277    
   2.06565475      -4.10294628       2.25619507    
 -0.862875342       2.33185744      0.666718364    
  -2.35597873      0.982513130       2.26875687    
  0.975431025      -1.24907541      -3.02273297    
