   2.57955146      -4.27410650       4.21547699    
   3.32917595       3.00607800      -3.51111865    
  -3.22643876      0.885503531      -2.88554382    
   3.42821646       4.46912336       2.26450253    
  -2.24799490      -1.12550926      0.882927537    
 -0.453045011      -2.05663323      0.233677834    
  -3.65157485      0.436600387       1.36377740    
 -0.859439969      -2.73441958      0.455816805    
   2.85483694      -2.60857248     -0.341623336    
   1.39212239      -3.71191525       2.66360807    
   4.29522848     -0.504729033      -3.86198330    
   2.81600809      -3.29150414       3.00158262    
  0.937789977       2.92046523     -0.501023829    
   3.50736737     -0.897340655      -1.80630434    
   2.46174574      -2.15331793       2.60000753    
  -1.29871881      -1.12438154      0.686094105    
  -2.58618236       4.35412359      -4.22912025    
   1.21134639      -2.82404995       1.91227579    
 -0.752907932      -3.49261904       3.55843067    
   2.34825015      0.267825037       2.07603049    
  -1.14166522      -4.07295132      -1.91680491    
   2.78149605     -0.762380958      -1.00042164    
   1.69079828       3.13649774       2.24684167    
  0.600754261      -1.75287742E-02  -7.67889693E-02
   2.43677759      0.567793667      -1.55282640    
  0.922962725       4.39565229      -1.52012658    
  -2.08163476       3.58747363      0.273398668    
   3.00869536     -0.216596991     -0.425805569    
  -3.54116000E-02  0.173723474      -3.03286314    
  -3.54800940       1.30467546       2.16080666    
 -0.172680095      0.857131124      -3.94431067    
  -3.74603152       1.45432067      -1.78591955    
   1.03394771       4.46534203E-03   4.25013542    
  0.205474928       2.23883843       2.68850970    
   2.22232461      0.276728898       1.16086292    
   1.52275026       3.44747090      0.370197445    
   2.94953537       3.64972568       3.00938678    
  0.216592163     -0.759245992       3.45956516    
   2.99238968      -1.50494421      -4.07181168    
  -1.33831465       4.36971426       3.73471189    
  0.379318565       1.93839669      -3.96491265    
   2.56643987      -3.27403665      -2.04989934    
   2.80200577      -2.85565114      -2.19245982    
   1.80052102       1.95357001      -2.84609771    
  0.523959935       6.24922588E-02  0.336825937    
  -4.41011333      -3.42172766       4.02284145    
  -2.92910624      -2.76506495     -0.615257502    
   3.16362619       1.35466862      -1.82975495    
  0.914775550      -1.60971820     -0.501805961    
  -4.26465797      -1.27714574      0.703633070    
  -1.78998685       2.60721850      -1.70252216    
   7.20108822E-02  -2.15283728       3.19145942    
   1.04378653      -4.34414673      -1.04664421    
   3.23941684       7.34871719E-03  -4.16310167    
  -1.24138010     -0.650581121       1.42140412    
  -1.15556657      -3.94855809      -3.15225244    
  -2.43814111      -2.45942712       3.23008442    
  0.977236152      -1.91818571     -0.173730448    
  -1.96294379      -2.96147299     -0.422166348    
  -3.38955998       2.83789444      -3.94553590    
  -3.25712800       1.47088444      0.392841190    
  0.874269903      -3.00673580      -2.49388123    
  -4.29183006       4.26084185       3.11394262    
  -2.21229482      -3.65620470      -2.61329532    
  -3.68511319       1.86542726       2.90662646    
   3.62279892      -2.04191875       1.74401546    
 -0.981867254      -1.41753685     -0.268361479    
  -1.27337086      -1.23527491      0.433056653    
  -1.10746861       2.42399454       1.21816933    
   1.69456518       1.14225483      -3.72711325    
  0.527213991      -4.31439161       1.61150455    
   1.21046126     -0.356077224      -3.54569077    
   2.84645820      0.341797143       4.00898218    
   1.79882371      0.696401298       3.78672743    
   1.35106695      -2.45693159      -2.40274620    
   1.88413298       1.50561094       2.88068533    
 -0.286801666       1.12920642      -3.27424097    
  0.933824062       2.60834551       4.57128920E-02
  -4.01078558       1.12446415       3.92291832    
   1.61122131       2.64985752       4.00806284    
   2.60662675       2.31307459      -3.75745392    
  -2.63872313       1.42891586       3.04710770    
   1.18765116      0.460764408     -0.216308385    
  -4.37204790       3.03084779       3.75739813    
  -1.54574752       1.44164622       2.12138891    
  -1.83023930       3.20805526      -6.14059642E-02
  0.927995622       4.43747854       2.54932404    
  -3.36452460      -1.46298480      -3.07553053    
   1.81177604      -6.42126277E-02   2.03544974    
 -0.570759118      -4.18217993       1.56413138    
  -3.81574202       2.07242393      0.206429794    
 -0.771766007       1.16675782       4.12303162    
 -0.311854571      0.308044761       4.33546782    
   1.33039570       2.72106433      -2.03653455    
 -0.660391569      -2.74927473      -1.19548595    
  -2.27086616       4.09078836       5.36983684E-02
  -3.79893112       3.12539244      -3.15626669    
 -0.188661769     -0.793510675      0.298419923    
   3.54743314       4.49317646      0.108555451    
  0.835753858      0.347554237      0.942908168    
 -0.395122141       4.43551922       3.81286287    
  -4.37893486     -0.321416646      0.957033217    
  -2.69504690      0.680650294      -3.91072607    
  -2.44712973      -3.94713330      -3.74944544    
 -0.185023621      -2.84915757      -4.38642359    
   2.98879170       3.97350311     -0.465169668    
   3.93850470      -6.61754683E-02   3.31625724    
  -3.57812834       3.36893964      -2.73382735    
  -3.56330276       4.19291830       9.25464109E-02
  -2.88560510       1.58023429      -2.28463030    
  -2.59327197       2.80443382      -4.23665094    
  0.318333715      -2.51058650       1.84315252    
  -4.49075413      -2.96710134      -1.95418584    
 -0.279778570      0.355501086       1.74823403    
 -0.625464380       4.36464405       3.20920014    
  0.330282420      0.901631653      -4.32569981    
   3.51888919       4.48707104       2.28501391    
   2.99303937      -3.94134355      0.717508674    
 -0.445174336       1.96538401      -2.66382694    
   1.40897202       3.98565841       1.88271999    
   3.64457250       3.16404128      0.977819800    
  0.144909039       2.84932017      -4.16652393    
  -1.02599764       1.95714486       3.00629210    
   2.20692062      -3.54886222      -3.21332955    
   2.70838451      -2.35445023      -2.55378938    
 -0.934990287      -3.36443448       2.35510159    
  -3.47590518       2.97572184       4.48574162    
 -0.630052567      -2.15509248      -1.08035314    
  -4.05531263      -1.89625275       4.22854662    
   1.55275512       3.35950255       3.13733077    
 -0.719144821       2.59373403      -2.18433380    
   1.89794683       1.28623474      0.333335847    
  -4.30344772      0.881485581     -0.777660966    
   1.83105791       1.26729620      -4.02367830    
   1.95048702      0.280004948       1.04290891    
   2.90416741      -1.66178632      0.613044679    
  -3.00688171      -2.96528268       2.63121629    
  -3.10756469       4.34226942       3.69260120    
   1.31917810      -1.94578886      -3.83134294    
 -0.140194252      -2.36792517      -3.93092203    
  -1.10577989      0.529989004      -1.24456334    
  -1.32813084      -1.93273783      -4.20023394    
  0.317306429       4.37019873      -3.40257072    
  -2.23874140      -1.94164860      -2.41725421    
  -4.29189014      -4.75024618E-02   3.84094620    
  -3.54336166      -3.52837229      -1.33557820    
  -4.25481081      -2.26755095      -2.65361905    
  -1.92739701      -3.77551055       8.62330291E-03
   1.27009261       3.83416033      -3.43608880    
  -1.83624208     -0.999246895      -4.25561476    
   3.23077478E-02  -2.13015747       4.26603031    
   4.00702095      -4.09346628     -0.122388139    
  -4.25475216      -1.58194876      0.451449096    
  -1.00833952      -2.88409925      -3.53913450    
  -1.74918079      -4.05436230     -0.616343796    
   4.32148647      -2.46036649      -3.74631047    
  -1.67621446       4.47365904      -2.62463880    
 -0.119281605      -1.13973570      -2.35007834    
   3.02929521      -9.23286155E-02  -1.37027311    
   3.83920121       4.06408882      -4.26924849    
  -1.61699450       2.30835772      -3.23974252    
  -2.23705363     -0.642515182      -4.10227871    
  -1.71270168      -1.24746931     -0.675124943    
  0.977015138      -1.86127090       1.25382078    
  0.623130858       1.05047977       2.87373614    
  -1.46078968     -0.605316162      0.258528501    
  -3.48593068       1.75067592       2.26647663    
   3.65384650       3.36827755       3.59405899    
  -3.93606925       1.35707879      -4.15866423    
  -2.23280621      0.716041505      -4.15693092    
 -0.333702773       4.22919130      -1.65407288    
  -3.60288453      -4.23220778     -0.488064468    
  -4.19913292     -0.562001169       2.13503599    
  -3.64671898       2.41463327     -0.582834423    
   1.75049186      -1.22666442      -1.06021619    
   2.98089480      -2.99031854       4.31108809    
 -0.425042212       2.28239012       1.45484591    
  -4.33074869E-02   1.27123904      -1.54070127    
  -1.40543747      0.343207449       1.31413984    
   1.72810137       2.25092769      -3.99922228    
   1.39702606      -1.16441572      -1.03827143    
  -2.18954277       1.06369066      0.655225635    
   2.99485898      -2.90221977       3.39697409    
 -0.142348066       1.61448824      -3.01987696    
   2.26062393       3.50512719      0.696467817    
  -3.79492545       2.32879400       1.91128874    
  0.890046656      -4.14486742      -1.75069308    
  -1.56811821       2.29142261      -3.25915098    
  -4.43262911       1.09669471       1.72561014    
  -2.95621729       1.81805027     -0.145767882    
   2.53362989       2.20761156       3.92026401    
  -2.39755177     -0.713694572       1.95213282    
   1.26802468      0.752594650       3.97937775    
   2.34562683      -3.39884686       3.74467468    
   2.73405433      -4.31038332       4.29421701E-02
   1.38226855       1.11160946       4.32101965    
  0.851474345       2.06221819       3.22871637    
   2.46514893       2.46320057       1.19709206    
   1.48897004       2.44844842      -3.74744177    
  0.453951597      -1.07701159       1.99597788    
  0.591943204       1.91531146      -4.38641214    
   2.22387171      0.805984557     -0.483288527    
  0.126837924       3.96524525      0.228086501    
   1.69975793      -2.18560576       4.13927078    
  -2.04870033       1.39012742       2.62182856    
  -1.22462273     -0.616799235      -4.16136694    
  -3.96599245       2.70928192       3.88902593    
  -2.41491008      -1.61260378       3.51122236    
  -1.02123189      -1.88733876     -0.710553169    
  -1.09527421       3.13062429       2.44585133    
  -4.23469687     -0.137843564      -4.29356432    
  -3.38408780       3.05056405       2.45152640    
  0.776072562      0.608188808      0.885718644    
   4.14520216      0.961552739      -3.60020876    
  -3.51518273      -2.54876351      -2.23152304    
  -1.83831120       3.16153789      -1.23639548    
 -0.860396445      -2.40443802       2.11378646    
   1.79001534       1.96986067      -2.42994905    
   4.02638197      -3.62929201      -2.08142233    
  -1.47885859      -2.68767667      -2.19287944    
  0.998641789      -1.62485337      -3.64847851    
   1.40713692      -1.89670444     -0.173983112    
 -0.660180211       3.74331641      0.800212979    
   1.17188942       3.40222263      -1.43751562    
   3.52893400      -1.98149288     -0.575285614    
  -1.38073909       1.46679294       2.34653664    
   2.34957671     -0.986720443      -1.00533116    
  -2.24209404       2.61947560      0.415166289    
  -1.93282950      0.731876194      -1.81441641    
   3.27303720      -2.77412653      0.605136454    
 -0.598174512      -1.26434624       1.25309598    
   2.86170340     -0.342439801      -1.96891868    
  -1.72170424      -1.97140455       1.60171294    
  -3.89865994       1.70489216       1.07528102    
  0.877225697      -1.69297516     -0.522593081    
   2.78780723      -2.13048530     -0.153795734    
  -3.02172661      -3.77479601      -1.51634729    
   3.68979573       2.21085882      -1.60572231    
   2.75395989       1.14605439      -2.37001681    
   3.41053319      -4.25948286      -3.75281525    
   2.73424792      -1.87022567       4.40280962    
   1.57346117      -1.33242774       2.59797502    
   3.74609947      -3.33202124      -3.58024406    
  -2.78860188      -1.96448553      -3.29681349    
   1.60523093       4.29939365       3.15190005    
   2.47413325       1.55159211       3.25626111    
   2.97648787     -0.827336550      -3.39097786    
   1.16184461       3.21836734       3.25971150    
  -4.47760916      -1.56758451      0.816750944    
   3.23418427       4.33656549      -2.42037535    
  -2.21980929       4.19899082      -2.43288946    
 -0.230172724       3.18954873     -0.773904264    
 -0.314016432     -0.334516555      0.801144242    
   2.68293071     -0.157770231       3.90833139    
  -2.53488088       1.01898420      0.333172768    
   2.11115456      0.469643056     -0.935523510    
  0.862200499      -1.78037059     -0.233028740    
  -1.24203670      0.862039030       1.20598245    
   2.28234386      -1.16229415      -3.44061899    
   1.59322429      -2.40363765      -4.44870424    
 -0.937220812       4.26578617      -3.08235526    
   1.78658795      -3.31135964      -2.99763989    
   3.96230721       4.38266850     -0.743813634    
   2.96518993       2.96524882      0.750235915    
  -2.87591958      -1.40860832       1.66037869    
   2.44896431E-02  -1.37529421       2.92926979    
   3.68955493       3.49417901       2.13581753    
  -4.02050495       3.39623499      0.598009825    
  0.213223845      0.602635026      -3.68081880    
  0.826045334       2.06946826      -1.69055307    
  -2.98622537       2.26669168       1.31373966    
  0.924360693      -1.47367394      -1.46946394    
  -3.18728590     -0.247298092       4.39887857    
   4.40473843       1.14751840       2.71683502    
  -3.22138906     -0.753997445       3.80600071    
  -2.08261967     -0.612891257      0.507217050    
  -1.00782621     -0.845368028       3.46699524    
  -3.67204475     -0.638292849       1.99459064    
  -3.36839199       2.36072612      -3.86066103    
   4.21785641      -3.04060817      -3.77864504    
  -3.91147590      -2.39925933      -3.41606975    
   1.08026779       4.25758171       2.88424134    
  -3.87188339       2.53485942      -3.14238405    
   4.44005775       7.70164207E-02  -1.57515633    
   2.14063144      -1.69260931      -1.20829833    
  -2.38690186      -3.62042475       3.65546131    
   4.27320719      -2.47250891       1.34028661    
 -0.485804975       1.84267676      0.619831204    
   1.76626861      -4.10700893       3.72566104    
  -1.09899342      -3.31945658       4.19463730    
  0.853448451      -3.13492823       1.28751624    
   1.15945578      0.612942755     -0.675904930    
 -0.954195440      -2.11715961      -3.98195958    
   4.37713766      -1.03348744     -0.853873312    
  -1.28215289      -2.12390471       1.94788957    
   2.16051364      -4.27256918     -0.525751114    
  0.426991105      -3.86130095      -4.15014267    
   3.81049728       4.31138611     -0.451406181    
  -2.39636898       4.44235086      0.891425848    
 -0.569770992     -0.302872390      -2.99194932    
  -3.74497509       2.73331070       3.72084761    
  -2.45190620     -0.208291247     -0.109635308    
   1.23213935      0.280017287      -3.62093425    
  -4.42768955      -2.24026012       3.58395576    
  0.843063951      -1.47910058     -0.892702043    
   3.52255464      -2.39523602      -3.89596319    
   1.68034565       3.29895115     -0.969230831    
   1.65731192      -1.21404624      0.461189270    
   1.12960982       3.85392165      -3.60268402    
   3.49665952       4.23871946      -1.79834890    
  -4.49643087       2.95401478       3.10738659    
  -1.55382955       2.91991854      -3.80569243    
  -2.86297679      0.509654105      -3.28901672    
   2.06696367       3.60147214      -3.41521859    
   3.92083001      -1.38878143      -1.50160158    
  0.696955979     -0.154316619     -0.285589308    
  -3.93329406     -0.895842373      -2.29840016    
   4.47926521      -2.73548126      -2.52864790    
   3.93657351      -2.55459094      -1.48068523    
   1.29144514      -2.84402108      -1.65525198    
   2.38563204      -7.96787813E-02  0.751865089    
  -1.42361689      -1.51114380      0.411509901    
  -1.62763214     -0.176280692      -3.24761581    
  -4.29818583      -1.31710696       2.15460753    
   1.53266692      -4.01179171      -1.01970840    
   1.02440488       5.98556474E-02   1.93102491    
  -3.04820800      -3.14768314      -4.05654430    
  -1.27770257     -0.640454173      -4.31332779    
  -1.52812541       1.81755888      -3.70269704    
  0.394408673       1.68346930     -0.883958578    
   4.41685772      0.161054865       3.15830946    
  -3.25725198      -1.34321821      0.959549665    
 -0.835217416      0.226815134      -3.34565806    
   3.94850922      0.214065522     -0.165587261    
  -1.48300910     -0.342072874       1.09223425    
  -4.08221817      -2.87306309     -0.110997871    
   2.40560102      0.194661871       4.13118124    
   1.66452432       1.69948864      -3.09968448    
   2.69698715      -2.05538082       2.18961883    
   1.88840568      -1.80549812      -8.13953951E-02
   4.06609488      -3.15092206       3.52540898    
 -0.415814310      -1.59168410     -0.812676132    
  0.337743253      -1.78755200      0.521119475    
   3.65425587      -4.34764661E-02   4.25355053    
  -4.16522408      -3.43970966      -3.18119884    
   2.10540819     -0.638836265       3.30969334    
  -2.36861300       1.27509868       1.33602023    
  -1.57646263      -2.16730833      0.965464473    
   2.20055747      0.185567573      -2.84434080    
  0.786701083      -1.54821789      -1.43558121    
  -4.01938343      -3.48065805      0.182472840    
  -3.54385829       2.50479078      -4.00491953    
 -0.113931671       2.37615681       4.42968130    
  -3.97971082       1.08284593       3.76107979    
  -3.16303229     -0.489414692      -1.70278239    
 -0.177383617      0.738846183       4.37537146    
   4.25916481      -1.79513621      0.731271088    
  -3.39630413       1.19814286E-02  -3.34481788    
  -1.76622951       1.50064027      -1.93126094    
 -0.955235600      -3.57507110      -2.79783010    
   3.34548593      0.335022956       3.69998336    
  -2.50133562      0.199881449       3.30395985    
 -0.453515470      -3.29736805      0.548997283    
   3.12854934      -3.43812394       3.50817370    
   2.17102790      -1.46413600       2.84281135    
   3.50223303      -3.38702250       4.25517225    
   2.25019884       3.47138333      -2.83086324    
  -4.18703032       2.31202412       2.79118323    
   3.10444273E-02  -3.51248503      -2.35169148    
  0.229232877      -3.30522585      -2.62929201    
   2.33213282      -1.82893896       2.46531463    
  0.524982929      -2.40910363     -0.579826593    
   2.78316236      -1.31341136       2.11382294    
  -2.43701077      -2.12882662       1.35778797    
   3.53253722      -2.94216895      -2.56447959    
   1.98406935       3.75775003      -3.28942609    
  -3.47207808      -3.33782482       3.19904804    
   2.05207944       1.71612096      0.416581422    
   3.29339194      -1.66899502     -0.562926531    
   3.86045289       1.90395021      -3.21249986    
  0.247006804       3.67208934       4.25741243    
 -0.784114361      -1.99463463      -1.71628892    
  0.576834321       2.64584279     -0.966194570    
  -4.18541241     -0.877379656       2.86978579    
  -1.65181179E-02  -3.47434831     -0.226208955    
   2.24832058       2.15866780      -1.87904477    
 -0.947199166     -0.981804490       2.15305400    
  -2.73167253       3.69377923       4.30844498    
   1.52359462       1.83806980       3.82691193    
  -2.71401429      0.413924962      -3.16959453    
   1.28215885      -2.88156509       3.76727724    
   2.71512866       1.96073043       4.29219866    
  0.528688669     -0.756330431       3.87570930    
   3.89277673      -3.26471376      -2.29326057    
  0.868448436      -1.70025408      -3.61088300    
  -3.74813104      -4.11268854     -0.876660287    
   3.54832745       2.05067444       4.37111807    
  0.273426026       2.83058977      0.414114863    
  -3.54072070      0.897819698      -1.49444067    
  -3.99669409       2.44860935      -3.43080640    
   2.54473257      -1.60128641      -4.30030107    
  -2.31005549       3.09078217       2.48120356    
   3.35511756       4.25829792       3.57765961    
   1.22554171       1.44811940      0.218953043    
  0.760817766      -1.06810725      -2.44869781    
   1.56316745      -1.15825844       1.23907125    
  -4.46964502       1.78446257      -2.91646004    
   2.41548729       1.96586466       4.02525806    
 -0.790897667      -3.42045212       1.11626303    
   1.90507567       2.40830588      -2.20598507    
  -4.45454121       1.64279258      -1.10523009    
   2.32734990      -1.25792456      -2.14189601    
   3.64226651       3.99198794      -3.68944383    
  -3.01627946     -0.860261798       1.19711506    
  -2.50024390       3.61515188       2.79248667    
 -0.757875919       1.29961193      -1.85242820    
  -3.50950456       2.05575943       1.44194448    
  -2.09115934      -3.33908820      0.427178860    
  0.467983305       1.39931238       3.89131594    
  -3.00807476       2.78246427     -0.415926963    
 -0.131354228      -3.21708798      -3.66661763    
   1.77507591      -2.22526336      -4.08665228    
 -0.566765845      -1.27910376       4.37277746    
   1.59060800       3.64545441      -3.84288335    
 -0.827932000      -2.68918313E-02  -3.48352480    
  -4.33619595       1.57961416       4.25724125    
 -0.765283644      -2.32155991       4.33234024    
   2.60871291     -0.198699132      0.911031723    
   4.01116610       3.56638575       4.44582367    
  -1.86394346       3.61517024       1.64154696    
 -0.463195026       4.36714840      -4.02276468    
 -0.934950054      -2.19816375      -3.18696570    
 -0.734893143     -0.691352844       2.84289241    
   3.45964766      -8.45877603E-02   2.82839727    
  -1.89657629      0.204672411      -3.10419798    
  -3.02859354       3.12792063      -3.47181582    
 -0.632890344       3.80629754       2.32287312    
   3.93162251      -4.02222157       1.41526186    
   3.71109343     -0.517267823       3.57321024    
 -0.988190293      -1.36424303       2.93916501E-02
  -3.47707987     -0.633919775     -0.548076212    
  0.461325526      -2.77340603       4.35725069    
   1.17927253       1.96008289       4.21823406    
  -2.86400151      -2.95190501     -0.542975724    
  -1.88080859      -4.41190290      -1.19421673    
 -0.519827724      -4.34059143      -1.08291674    
   3.32548237      -2.95582962      -3.77266145    
  -2.26983953      -4.37268925       1.24257743    
   2.11088109       3.34777164       2.39573550    
  0.609404922      0.694074214       1.46150899    
 -0.117394403     -0.700809777      -4.01392412    
 -0.363673240      -1.37350142      -3.62875462    
   3.56915426      0.488086462       4.24431896    
   1.70817196      -1.38615775     -0.635835409    
  0.368993670       3.96017694      -3.72898126    
 -0.292501897       4.16034842      -3.29214263    
   2.59759092       2.78411007       1.97266781    
  -1.23830688     -0.963259161      -3.71196628    
 -0.756928027      -2.37017512      -2.91724586    
   1.34208095       1.99288690      0.129582360    
   3.04593182       1.18594909       1.15523779    
  -2.79390979      -4.41881514      0.836860538    
  0.474939883       3.85365558      0.636590183    
   2.86610103      -3.73846330E-02  -3.43830419    
  0.257774264       3.32142210      -1.73853946    
   1.33085752      -2.31138206      0.471442282    
   2.28558254      -2.98328352       2.86306691    
 -0.419582814      -2.58567119       4.13482618    
   1.05085528       1.17778981       1.68940997    
   3.25856137       4.45429945      -4.17534876    
   2.15244818      -3.60066485       3.84876585    
  -4.40385771       3.92390704       2.00167966    
   1.68465590      -4.19581652      -1.50518501    
  -1.78164732      -1.41833079      -4.17322588    
   1.78928685      -2.26584578       4.37276173    
  -4.34486055      -1.95309150       3.31400585    
  -2.60759783     -0.402101249      -4.49846125    
  -3.42087150      -1.38522804      -3.65264487    
   3.06539989      -3.56701279      -2.59852428E-02
   2.62492371      -2.86674905      0.327374905    
 -0.768197060       3.63546276       1.79354024    
  -2.41206050      0.683955312      -1.10688663    
  -2.88701534       2.78852510       3.52018738    
  -3.45234728       4.25825262      -4.24783468    
  -3.47289824      -1.02811658      -2.26903009    
 -0.763554692       1.84590936     -0.644663095    
 -0.427287221     -0.171490267      -2.50936294    
 -0.167926684       1.33869660      -3.20745826    
  0.916122019      -3.08307242     -0.164164081    
   2.63057995       4.31359386      -1.40785944    
   1.24605250      -1.40182984       3.31786013    
  -2.59103465     -0.802895725      0.528730512    
 -0.759096324      -4.35689926      0.437751055    
  -2.44401956      -4.49322081     -0.311670572    
   4.01476097      -2.66933727       3.85991693    
   2.32971931      -1.10982955       3.17812824    
  -2.94764447       1.45649004       2.01992679    
   3.03477931     -0.664031863       1.60464668    
   3.50774503      0.519509614      -4.15951586    
  -3.41103911       3.32525349       1.11804724    
  -3.89160824      0.273373455      -1.53293729    
  0.635718465       1.09502375       1.95059383    
   1.81347549      -3.33396196      -5.66412881E-02
  -3.02194762     -0.127502576      -1.85496879    
   2.54143357       3.57159925      -1.64238918    
  -1.25027168       2.39231658       2.72575665    
   2.68267274      -2.91893196      -4.49549770    
  -1.73830879      -2.39753199      0.569248497    
   1.32406890       4.28653574      0.501347303    
 -0.772307813       4.27095842       2.77984858    
  -1.66998482       3.21229696       2.04918957    
   4.09043407      -3.59053731       4.06612921    
   1.67229521      -3.82355046      -4.09902096    
  -2.06513214     -0.672025919       2.09855032    
   1.79742253       3.27318048       1.96717632    
   3.58159065      -4.46403503      -4.09227085    
   1.08703983      0.149580374       1.56275487    
  -1.51260514E-02 -0.887524307       3.80121350    
  -2.33078408      -3.21162748       2.87536120    
   2.37513971      -1.31827688      -9.70852468E-03
   2.00637579      -2.35583973      -2.80076551    
   2.17077470      -4.04258156      -3.43603301    
   4.12444258       4.13025522       3.34393167    
 -0.142361477      -2.95598197      -2.88175225    
   3.43168187       2.44820690     -0.173119977    
  -4.37134457     -0.153290942      -1.64841175    
 -0.493660092      0.328399509      -4.41352654    
   1.48667085       1.64013553       2.91726208    
   2.14703608      -3.94452143      0.298933834    
  0.977651894      -2.33224797      -3.73029494    
  0.423432350       2.40372300       2.95011425    
   4.04689741      0.682437718      -1.12331998    
 -0.288243085      -3.88126135       3.11197639    
   3.66057897      -4.09360647       2.09376478    
  -4.14835119       2.02200127     -0.444318175    
  -2.82452035      -3.55212069     -0.839798093    
  0.669126987       3.11742663      -2.51745939    
  -3.05556154      -2.61109853      -1.60436773    
  0.265352577     -0.651978016      -4.05810308    
  -2.29844689      -4.45466661       1.68148506    
   2.35748386       4.40130806       4.47677803    
  -2.66885233      -4.13579416      -2.11738963E-02
  -3.44916129      0.474110544      -3.34893513    
  -1.54495418      -1.80039704      -2.68440819    
   4.23941422      -1.56619239     -0.634242177    
  0.484984756      -4.06264591     -0.550722480    
   3.78610682     -0.909391284       4.45553732    
   3.26588655      -3.80812407       3.67678380    
  -2.38920641      0.385629803      -4.43220615    
  0.753605306      -3.49987650       2.80083370    
  -4.26664390E-02  -4.07402706      -3.69529104    
   2.05540371       3.65403318       3.55017222E-02
  -2.69769216     -0.867923796       1.98760986    
  0.256347865      -3.93702292      -4.02636623    
  -3.89955354      0.805890143       2.60800171    
   4.26032400     -0.719823420      -2.39596176    
   2.54170561      -1.02769494       1.38731050    
  -3.68963480       2.08334804       4.07158232    
 -0.576879919       1.24951363       3.19631863    
  0.861843765       3.79372907       1.64695644    
 -0.850866556       1.55113339      -3.78619051    
  -3.86329818     -0.805662155      -4.43104601    
   3.99925184      -2.50612164      -2.92828059    
 -0.809709072      0.985487700      0.842183113    
  -3.79141545     -0.488713562      -2.59850931    
   2.67298460       2.64823222      0.858703971    
  -2.84894180      -4.39345598     -0.914800227    
 -0.916485190      -2.83524919      -2.12627530    
 -0.726752102       3.80894423      -2.49155307    
   1.28709733       2.23008537      -1.88002110    
  -3.71591353     -0.878721297       3.33302689    
 -0.108759835      -1.31693423      0.224616796    
   2.07116771      -3.34589791      -3.53570437    
  -2.29881549     -0.490058959       1.97657371    
   2.50162053      -2.58160830       3.45563674    
   3.60790849      -2.60216689       3.39641571    
  -2.46881437     -0.882546127      -1.59617841    
  -1.78076434       3.61665940      -4.12926674    
  -2.44444489      0.978217840       2.51681471    
  -4.05835581       1.84623551       2.32169580    
 -0.583126783      -3.76242614      -3.65826249    
  -2.67197013       1.64311981     -0.339665323    
  -2.59956241       2.30780458      -2.01354909    
  -1.05787241      -1.43923008       4.32156658    
  0.271209985     -0.917594552       1.59599340    
   3.99767041      -4.40544367      0.622109473    
  0.920274079      -2.60892391      -3.52785206    
   4.28872919      -1.81053424      -1.81641412    
  0.161522642       4.25737524      -1.94320321    
 -0.809597492      -5.21501936E-02   3.32451963    
  -2.72119403      -3.18672490     -0.854215026    
  -2.23087811      -2.42406058     -0.188517466    
  -1.51938307     -0.246412963      -3.80415273    
 -0.477805555       2.66982937      -1.55220091    
   2.23347521       4.38843822      -2.75749683    
   3.06739068      0.803430557       3.47594905    
   3.13624573       4.28660297       1.14590955    
  -1.44982421      -4.03564930     -0.121467605    
  -1.94769382       2.42132378     -0.769440532    
  -1.73115802       3.30962157       2.04678917    
  -1.57960403     -0.335655957       1.71874583    
   2.36364269      0.586048245      -1.82792032    
   3.84806204     -0.966852784       1.52090013    
  -4.44015551      -4.33261538      -3.68603587    
  -6.95502236E-02   1.00606132      0.410207957    
   1.57557690     -0.450150371       2.04421353    
  -1.50726056       2.04482508     -0.830801427    
  -4.11926985       2.21580052      0.936233222    
 -0.766378522       1.31209445      -1.00935662    
  -3.50898147       3.00063252      0.970338583    
  0.398157865      -3.69266462      -1.72706926    
  -1.40810144      0.530578017       2.49065232    
   2.72099781       2.76354408       3.54246402    
  0.506888211      -2.19496298       2.53759313    
   2.35176754      -1.79299474       3.18045425    
  -2.32860303      -3.31554222       2.07589698    
   3.77334213       2.84749413     -0.528244495    
   2.63384962       3.34785843      0.378288060    
 -0.229750544      -1.77235079      -2.75976324    
 -0.856321633       3.52774692      -2.72100806    
 -0.665111721     -0.972844303      -1.17104673    
  -3.81613469       3.77017784       2.50014639    
  -4.25493574       4.20825434       2.60223389    
 -0.276758403      -4.25516367       2.59788609    
   1.58215046       4.22919273      -4.45113993    
  0.637465656      0.914253592       3.20906758    
  -1.21862960      -8.91319588E-02  -4.10819149    
  -2.13403916       2.23227620     -0.898453236    
 -0.307774931      -1.62008440      0.893028736    
  0.714887619       6.61754701E-03  -2.94900441    
 -0.159573749      -1.22671974       4.32136393    
  0.252034873       4.38313246       3.27708673    
  -3.58123922      -2.31854415       3.48328114    
  -4.12230873       3.42883825       3.13180126E-02
   1.82758129       2.67414546       3.93373680    
   2.03268600     -0.356561631      0.863892972    
 -0.727828205       2.72091722       3.83318877    
   2.55017376      0.400146455       1.83209920    
  0.150205329       2.71364903       3.51227379    
  -3.88764787       1.37092221       2.80339527    
   3.24959898     -0.405868679      0.461042285    
  -1.56084466      -3.53264499      -1.51695836    
  -3.40940666       2.24274921      -3.09013963    
  0.438048780      -1.99170995      -2.38695765    
  -3.15375090     -0.868152320      0.101271637    
  -2.94963193       2.46183515      -3.79343152    
 -0.610294878       2.89767432      -1.27387774    
  -2.67171168      -2.45403314       2.10263920    
 -0.498302460       2.06253624       1.94705057    
   1.90609968      -1.35321164       1.11449659    
   1.05692887       3.38076448      -2.94989800    
  -3.46796370       2.23569751       2.29678917    
   3.79580951      -3.16660929       1.57177198    
   1.53848577      -3.46898770      -3.50574207    
  0.306574374       2.68736124       1.47411537    
 -0.971052051       1.88878226       2.70088816    
   2.48630929      -3.26130414      0.570408285    
  -1.29137218      -1.21004283      -2.00722384    
  0.739883661       2.56190515       4.17950344    
   3.94750452      -4.10861588       1.03127027    
   1.95191288       1.55033624      0.112491325    
   4.16825676      -4.06927919      -1.99845672    
  -3.46477008      -1.65880585       1.55033255    
 -0.244327277       2.65373325     -0.484522879    
   1.88657486       1.75265479      -3.12840438    
 -0.861007988      -1.02199411       4.05791998    
   2.30156302       2.61576080       3.61192250    
   4.14032364      -2.49723673     -0.924834907    
   1.32097793       3.51882958      -3.89593625    
  0.536457956       2.21344328     -0.235154122    
  -1.94705975       2.80512142      -3.42804646    
   3.86877251       1.78955019       2.17415905    
 -0.424378633     -0.155765548      0.345905215    
  -4.46872854       1.49315262      -1.78497171    
   3.49318719       1.21199596       2.04225826    
   2.58700418       3.66378951       1.33168042    
  -1.27536321      0.234774858      -3.22458100    
  -1.82180595       3.58812499      -3.94660759    
 -0.191505983      -2.03040719       2.61064267    
  -2.73522091      -4.13714886       2.29329920    
   1.27211344     -0.298765928       4.31456709    
  -1.62819815       3.30260706       2.97166753    
  -1.73134577     -0.162735537      -1.51982725    
   8.04668143E-02  -2.41256618      -4.32046127    
  -2.60874462      0.950595915      -1.03045702    
   2.29589391     -0.603604376      -4.15468645    
   2.41280866       1.64763606      -3.85356164    
   5.76031283E-02  -3.89706230       1.53018272    
  -8.00859407E-02   3.17094541       1.58648062    
  0.781070590      -2.86094213       2.21324277    
  -1.72447658      -1.95645070      0.480660498    
  -1.84638298      -4.17003775       4.41128254    
   3.28120184      -2.11300421      -4.33156300    
  -3.61121930E-02  -2.30973101       4.46407270    
   2.11716652       1.28262174     -0.334860414    
   1.71594882     -0.286953479       2.83175206    
   1.26712716     -0.544722378      -3.47191668    
   1.61869824      0.895970583       2.67710829    
   3.89235926      0.850962579       1.51635802    
  -2.60785890      -1.58713078      -3.65463042    
   2.96525383      -3.55725765       3.81799340    
   1.16950500       9.65144709E-02 -0.133982256    
 -0.860945225       3.83866429      -1.43021512    
   4.35444450       1.40793514       1.35930455    
   1.29628015      0.568690062       1.25269473    
  -3.78813028     -0.974787295       3.06512356    
   1.98346424      -3.56745791       3.90942144    
  -1.92213237      0.277723461     -0.857693851    
   1.03939950       2.71218133      -4.26513338    
 -0.712091148       2.64337301      -4.10355663    
   3.81539392       3.22047234      -1.13355527E-02
  -1.66308451      -2.04895854      0.540660441    
  -4.18659019       1.21890533      -3.85173035    
  0.165407017       2.11268616     -0.785989225    
  -4.29228497      -2.67647529      -1.63431251    
   2.27256894      -2.11204505       3.19507408    
  -3.64433074      -3.01281834      -2.19323993    
  0.632045984     -0.651682436       1.27590716    
   1.69980407      -3.93293357       1.02795565    
   3.59553170      -1.52255130      -2.32250690    
   2.79194379      -4.33834887      0.107636526    
  0.929478347      -3.38537025      -3.68617249    
 -0.218752414      -4.41677952      -3.80951619    
   2.50757337     -0.680381536       2.58217621    
   3.71802425       4.32781696      -1.43612671    
  0.949578822      -2.69335055      -2.57776618    
 -0.638932288     -0.886101663       2.39434814    
  -3.89377499      -4.35604382       3.92823386    
  -2.87343907       1.19003403       1.94608819    
   4.11690807      -2.40441990      0.374845713    
   2.52840018       1.64172876      0.726568103    
   3.64063931       3.17099857      -1.69072962    
  -3.80995536      -2.66526580       3.26865292    
  0.543091059      -4.34828281       2.62035060    
  -3.41317630       3.60214591       3.61766458    
 -0.507243872      -2.98225141       4.44899130    
   2.71102476      0.951529860      -1.07885432    
  0.971455991       2.05867171     -0.256607503    
  0.539941072      -2.97235847      0.883276761    
   1.49523139       2.67032933      0.237142712    
   3.10525537       4.33423138      -1.97812021    
  0.695523679      0.564593256       2.23486352    
   3.91408944     -0.260879725      -2.92783689    
  -2.69150376       3.01746893       1.01517332    
   3.58278418       4.47391272      -2.33283663    
  -3.69485331      -3.50656390       1.08692718    
   2.07390952      -1.11001670       1.95003319    
   2.29880905       2.76020360       2.34269309    
  0.887665927      0.121755138       2.58809638    
 -0.820694864      -4.17052698     -0.185020402    
   1.43223810      -4.12896919       2.29936099    
  0.319998294      -4.07337999      -3.88093376    
 -0.562357366     -0.897638381       1.82257843    
 -0.491301358      -3.55079031       2.51404023    
  -2.42704964       2.88722181      -1.96330798    
  -4.40153456       3.12747741      -1.55229163    
   2.01879978       2.87692976      -3.84827137    
  -2.36118221       4.17892170       2.56194162    
  0.570222139      -3.86582637      -4.48804474    
   1.10896742      -3.52214575      -1.41410148    
  -1.83854342      -4.31202698      -3.53297877    
  -3.96692848       3.87923098      -4.19315720    
   2.55221772       1.37290764       3.36927056    
   3.72349763      -2.91200757       2.08412337    
 -0.674275219       3.98116899     -0.822238743    
  0.905949473       2.73492384       4.05724764    
  -2.22112942      -4.20088530      0.411102206    
  -4.13002348       2.33809948      -1.87997174    
  -1.58558536       3.37063694     -0.833750784    
 -0.236880392     -0.475318074      -3.49709988    
  -1.96029592      -5.03531136E-02  -3.14503193    
   2.94468164      -1.60864854      -3.23570085    
   1.42975271      -2.82362247      -2.45574188    
   3.65093160      -2.23972583      -2.97947431    
   3.61709118       2.12309790       4.03596735    
  -2.72894311      -1.81305873      -3.35377121    
   2.23910356       4.11773729      -3.08061504    
  -2.01903844      -9.66410711E-02   7.47338608E-02
   4.18347120      -1.67383432      -4.33041573    
 -0.134348109       3.03436184       4.35713196    
   4.44167852      -2.62003565      -3.04716563    
  -1.70205867      -1.23097694      -1.15884960    
  0.214391679      -4.38701344       4.44505119    
 -0.626250267       2.05971837       1.28108644    
  0.813824654     -0.984818757       2.51862025    
   1.27497208       3.16612387       9.77391675E-02
 -0.648303390      -1.74803174      -7.65234325E-03
   1.91935682      -2.02872968       2.32755733    
  0.767110765      -3.60293031      -2.69816256    
  -3.06575561      -4.04675150       3.53082919    
 -0.371322364       2.85398650       2.65084791    
  -2.65085697      -2.38139105      -2.95369554    
  -1.02091801      -1.22544193       2.76564527    
  -4.28505039      -2.62120676      -3.74173927    
 -0.858664811       1.19206882       3.84330773    
 -0.965492368     -0.764985919      -2.26119375    
  -2.21246099      -2.70868325      -2.87002945    
   1.81755948      -1.52475715      0.475344896    
  -3.41844082      -2.49340749      -3.14365816    
  -6.40715435E-02   4.00504971       1.80362482E-02
   3.36218524       1.02882576       1.26311409    
  0.501942217      0.149977341       2.24584055    
 -0.427143455       2.93825626       2.46459579    
  -3.79645705       3.61249185      -1.43265378    
   4.23241425     -0.809150636      -2.90580249    
 -0.736774981       4.07027388      -4.01289177    
  -3.27459025      -1.36867780E-02  -3.03466344    
   1.85358155       2.26422930      0.244187266    
  0.194426373      -3.44971704       4.27119350    
  -1.51253271      -4.17041159      -1.46915603    
 -0.962239921       1.71531308       1.33571339    
   1.20181918     -0.702966809      -2.42126513    
   3.77926517      -4.08096695     -0.151116744    
   2.43667674       4.35960293       2.20817804    
  0.872018993       2.20469499      -2.32330871    
  -4.47338629       2.87834597       1.75285494    
   4.12964582      -4.12521982      -1.66240489    
  -1.01999807       1.86726725      -2.14918661    
  0.109700218      -1.51149631      -2.23929024    
  -1.98831689       3.66092825       3.38272452    
  -1.49580002       3.66392159       2.74927902    
  -1.44879591       1.43084168      -3.83203220    
 -0.246754140      -2.86705065       2.13068438    
  -2.19066548      -2.78185821      -3.56511760    
  -3.64063883     -0.896162629       2.81269550    
  -4.32823563       1.16016173       2.34689784    
  -1.61709917      -1.87302160      -4.40174961    
   1.78723764      -1.29311883     -0.460379779    
  0.678898811       1.98879492     -0.250268370    
   4.23516846      0.158901587      -2.14541340    
  -3.65849280     -0.228790849       2.69126177    
   3.34520197      -3.15071678       2.46307272E-02
  -3.64451313     -0.717359006       3.91459918    
  -1.66740286      -3.38075161       1.94177043    
   1.84147942       4.05206776      0.281358927    
  0.207634643      -1.23569379E-02  -2.15339613    
   2.17530775       2.55688190      -2.71145177    
   2.01505971     -0.710939407      -5.29950932E-02
   2.58433652      -3.74357510       3.60537100    
   2.19609046       2.99281931       1.38521147    
  0.743652165     -0.776677668       1.75046825    
   2.35069513      -4.49137640      0.575778067    
  0.881182492     -0.139520481      -3.18004990    
 -0.493255615      -2.72307444      -3.06409740    
   2.49728060      -4.09159136      0.985804200    
   1.95302868      0.886180520       1.64588892    
   1.23437154       3.08673525       4.41894627    
   1.99466836      0.122213259      -3.55289888    
 -0.900927842       3.44202018       3.64515257    
   4.25919151      -1.45049000      -3.12807989    
   3.78602266       2.80214477       1.07472098    
  -1.31835043       1.04259026      -1.12120152    
   1.76161182      -3.31998563       1.84051168    
   2.50092196      -2.49614668      0.707412839    
   2.55408716       1.65122437      0.943249345    
 -0.543179572     -0.237602979     -0.707486331    
   2.21573281       1.69543898      -1.49435270    
  -1.48335564     -0.179936007       1.79820895    
  -1.10072446      -1.02253485     -0.174019590    
  -1.95728803       2.46147251      -1.31763268    
  -3.07405424       1.21010017       2.85661507    
  -8.77050236E-02   3.66579318      -4.37429810    
   2.06900954       3.33424425      0.650007129    
   3.83629322      -4.11996698       1.35311937    
  0.232482642      -3.94737482      -2.19145393    
  -3.35592818     -0.289003223       1.82131886    
  -1.97726083      -3.96234894       3.69899631    
  -4.35761929     -0.827706158      -2.78499699    
 -0.361688942       4.37873554       1.40008914    
   2.30331230     -0.115657941       2.40710807    
 -0.748283267     -0.526348174      -2.07049775    
  0.985790789      -1.07944119       2.34742236    
  0.270657986      -4.26337099       3.12999082    
   3.58990431       2.67462349      0.600818634    
  0.481806338      -4.49061394      -2.79585767    
  0.994516551      -4.34333086      -3.12970376    
  0.406353086       1.10015154      -1.26357913    
  -2.52675915      -1.46791954E-02 -0.547774196    
   1.51337218       3.34529638       1.00450718    
  -1.84030509      0.179119542      0.695392251    
  -1.80072105      -1.25568271      0.753576338    
  -3.34145236       4.07941723       3.47586870    
 -0.154385820       3.21784496     -0.852721035    
  0.486401498      -2.83052540      -3.60452175    
  -3.91235304       1.92653763     -0.858278036    
   4.30217886      -1.18636966      -1.29726505    
   1.72850800       2.97974777       4.02530670    
   2.60824728       3.82185054      -2.69769573    
   1.89915335       4.73721065E-02   4.38192320    
 -0.762807429       1.31972313       1.61808193    
   3.48944974      0.997485220       2.44686913    
   3.69561028      -4.17551184      -3.91574025    
   3.24914956       2.95026827      -2.64410472    
  0.734419465       1.72735834       1.00454044    
  -4.16029263       1.14693093      -2.74630332    
 -0.507808208      -2.68989873      -2.57226491    
  -3.86568427      0.518623412      -2.36256289    
   3.25997329      -3.38984704       2.22790956    
   2.36725616      -3.09294462      -1.34140027    
  -2.02530289       1.39414048       3.31685114    
  -1.17058432       4.00601196       2.56922174    
 -0.990616620       1.28641498       1.70193851    
  0.504083157       1.02842665       1.88847387    
   3.31948233      -1.39336109      -4.09105301    
  -1.59355366       2.48058176       1.37116039    
  -3.60431528       2.21399426      0.169056430    
  -2.34606361       2.00702810       4.07271528    
   1.11954665       2.40124083      -3.50507045    
   3.15446687       3.45471191      -2.64479518    
  0.562096655       1.66118717       3.39612484    
   3.50837922       2.42879891      -2.91504216    
 -0.805644453      -1.95510685      -1.47258866    
   4.22380352       2.22169805      -4.27682304    
  -4.02709961       1.43408132       1.55852294    
   4.40936947     -0.777453899       2.51806617    
  -2.60609412       2.84199119      -2.10954046    
 -0.869050324       2.43445420       2.54651093    
   1.57475138     -0.860257506     -0.156928554    
 -0.121780887      -3.83940506      -3.56138182    
  -1.51169479       2.99374580       2.59702349    
   3.56256723     -0.346957713      -3.99686265    
   2.98958182       4.33129549      -1.61682773    
 -0.804223955      -2.04849124      -1.94074309    
   3.34351969      -3.08593869       4.36203909    
  -4.34970284       2.40485501      -3.41891360    
  -4.43211460       1.13048959      0.842606366    
   4.07168055       2.83510160       3.70371366    
  -1.98205078      0.402085155       5.04056849E-02
   2.97443008      -2.80204654      -2.27886772    
   4.33148575      -3.65143752       3.33961654    
   3.05479026     -0.289858848      -4.15557003    
  -2.76787090      -2.78300571      -3.20429492    
   4.34487534       2.22728038       4.35022736    
  -2.58156323      -2.21483111      -1.38728106    
   3.56947827      -3.04354739      0.351796418    
   2.85158396       3.06484842     -0.656658471    
   1.09897459      -2.58870739E-02   3.74602938    
  -1.58562660      -4.30699492       4.24368572    
  -3.65705395      -3.26511192      0.917352080    
   1.85120237      -3.82802010     -0.890884578    
   2.95505548      -3.89685583       2.33110762    
  -3.74064708       2.95820856     -0.314391404    
  0.520036936     -0.950485408      -3.75449109    
   1.64622521      0.171865240      -3.67186451    
   1.68460071      0.144877389     -0.427676678    
  -4.21200562       1.05494452      -1.08155477    
  -4.44189943E-02   4.13373041      -3.47412348    
  -1.61505044       2.44041824      -1.92484939    
  -2.79678583       3.83455944     -0.246935993    
   2.51131988      -1.52848482      0.883698404    
   1.17469823       2.96994972       2.24523497    
   4.45984030       1.75784862       4.11650181    
   2.96194935      0.559764743       2.27664852    
  -1.03497016      -2.46376848      -2.81831431    
  -2.93954253       3.33850932     -0.921025634    
  -1.68728125      0.458922267      0.222984403    
   2.93119192     -0.794819593       4.38694382    
   2.55092168       4.42908430      -3.15076542    
  -2.10275650       3.52852893       1.82858336    
   3.81640244      -1.66690457       4.22956848    
   2.48016071      -2.31029034       1.24517763    
  -3.75073934       3.07081842       4.25067902    
   1.27886343      -3.91308308     -0.282808930    
 -0.314136595       2.51079154       2.79128194    
  -1.63231742       2.94041920      -1.58579826    
   3.20523214     -0.353713661       3.28009725    
 -0.916045308      -4.10202169      0.781053424    
 -0.452841163      -2.66026354       2.58548999    
  -3.72622275      -3.71928596       2.78113246    
  -2.24242234      -4.47396803       1.79362285    
  -2.23068357      -3.95526052      -4.45199108    
  -3.33316207       3.02888107      -1.67497373    
 -0.112081483     -0.184274748      -2.13635230    
   3.91732645     -0.905398548      -3.47586918    
   1.93561256       1.92197514     -0.509999037    
   1.01158130     -0.209513798      -1.36810052    
   4.45203018       2.93430591       2.00985885    
  0.694097817       3.51247430       3.03537846    
   4.03077316      -1.56339216       2.37849903    
   2.35385537       2.56655240       2.56760812    
   1.76091015      -1.56080496      -4.39950132    
 -0.361152500      -2.97923827      -1.08747864    
  -3.60623908       2.53814030      -3.38003707    
   2.77386570       3.83356094       1.58937526    
   3.89524317       3.41932774      -2.47120953    
   3.90608096      -3.03519726      -4.30043030    
  -1.08467579       2.99240422      -4.06823015    
  -3.99249864       3.14730597       1.85359657    
   1.24648011       1.40713632       2.56015205    
  -3.98754406       4.41843319      -3.15687871    
  -1.72502327       4.31660032       4.45726633    
   2.80396175     -0.318087488       2.96787167    
   1.35759377     -0.587256849      0.755862653    
   1.41229749       2.32439733      -3.26254821    
  -4.41750336       3.96328354      -1.25220442    
   3.65814447       4.36749411      -3.72825694    
 -0.847105026     -0.143975094      -4.38928080    
  -3.57715154      -1.26372075      -4.05875301    
 -0.671485722      -1.24942839      -1.66831005    
  -2.78913665      -4.21180201       1.44177389    
   2.71486092      -1.71118462     -0.367551714    
   2.07754540       2.09739637      -1.09733629    
   4.00837660       1.20077896      -2.34033871    
  -1.95453775      -1.47333384      -1.11715198    
   1.95288873      -2.69251442       3.07304478    
   4.05962849       2.26175809      -3.68796420    
  -1.67300546      -4.10836649      -2.61170101    
   4.38320827     -0.815550387      0.621338606    
  -2.88238573      0.109252289       4.32301617    
  0.345398277       2.55729985     -0.280146033    
 -0.910612226       2.68117881      -1.93540120    
 -0.927767098      -1.13664734      -2.26625443    
  -3.44480538     -0.600852966      -2.19619679    
   3.03786540       3.34378052      0.474323511    
   1.74271774       3.81378412      -2.08184814    
   2.61747742       1.17417037       1.96166492    
 -0.303334802      -1.76087582       3.18766737    
   4.11368561       1.59901035       2.78133297    
 -0.346913189       4.11341906      -1.28779793    
  -4.18487310      -3.17483354      -1.58366752    
   2.96604061      -1.64033937       2.45554018    
  -2.98121619       3.55837917       1.67995667    
  -2.24465942      0.820390701      -4.48212576    
   4.45400095      -4.30708885      -1.05301821    
   3.65619254       3.12951589       4.47927713    
 -0.159985736      -4.07792521      -2.02397752    
   2.31969690      -3.92706490       3.19665694E-03
  0.669386625       4.07393789       3.73255444    
  -2.93015909      -2.51983738      -2.66031218    
  -2.83839321       3.54425859      0.887758732    
   3.25588298      -1.76405585      -2.24256730    
  0.749066472      -1.25933158       6.33146241E-02
   1.75779879       1.77162874     -0.391998440    
 -0.430095494       1.73656368       3.91877103    
   2.89126229      -1.81937158      -4.24433136    
  -3.89715409      -1.14424288       4.42094660    
   3.03973603       2.75952125       3.78476906    
  -1.02174580      0.358423084       3.01196647    
  -1.93961012       2.87175727      -4.28636217    
  0.769182503      0.576317191      -2.28729749    
   1.97592294       2.29337525      -2.55219340    
  -2.11956644       1.41849017       3.47903895    
   3.28788328       4.38825464     -0.516804338    
   3.37722659       3.18412852      -3.01054668    
  -3.35647869      -1.69406569      -2.76427889    
   2.15628767     -0.339802116       3.24024081    
  0.785527349      -2.71300793      -2.39418197    
   2.20154500       1.43122852       3.74397898    
  0.326202780      -2.89866853      -2.66307330    
 -0.778628707      -3.49997687      -2.36688871E-02
   4.28225183      -1.61578596      -4.15309048    
   3.67374969      -2.54294944       4.15973663    
   3.25229788       2.46965432      0.797618747    
  -2.84688830      0.735415101      -3.66308689    
  0.217396289     -0.740190506      -3.93876815    
   2.43682265      0.849625766      -3.50994706    
   6.43467382E-02   1.21353555       1.12757075    
  -1.57365322      -2.45726538      -4.39738941    
  -3.97249460     -0.814877689      -2.25954413    
 -0.524310768      -3.34268355      -1.61186719    
  -2.87456870      0.378924817      -2.71317434    
   1.02448165     -0.667717218      0.858831644    
   3.32328033      -2.94075656       1.06920528    
   2.25559688      -2.61297178       1.58540618    
  -3.84846926       1.68596542      -4.19015646    
   3.62348461      -3.29456735      -1.91600621    
  -2.22209978       1.78848159       3.93920374    
  -7.05673173E-02  -2.74499822       3.78790021    
   1.58378875      -4.39516211      -1.44542062    
  -1.03079987     -0.988087296       3.49155211    
  -3.58391441E-02   2.53873301      0.142730013    
  -4.34490633      -1.67398238      -1.62499285    
   1.12503076      -3.37107849      -1.83433235    
   2.15296268       3.65316897E-04  -4.03675175    
  -4.20644093      -3.50689268       5.50389348E-04
   3.23284435     -0.613259792       1.95737767    
 -0.988450468     -0.261397392       1.61527896    
  0.454289556       1.77118194      -1.51211643    
   3.80369902      -1.06190598      -3.39245772    
  0.606483996     -0.835116029      0.795728326    
  0.229971021      -3.40160418      -3.47829175    
  -1.69505119       3.35034919      -1.74479651    
  -1.33410943      -3.10273838       1.75776172    
  0.543105006      -3.11043477       3.82619143    
   4.25955534      0.344201475     -0.971769810    
   3.70073152       2.71975970      -2.89355230    
  -1.90501177      -3.05191064       1.40285611    
  -1.94093513     -0.174553350       3.47564864    
   3.94860315      -1.09742165     -0.260063261    
   1.01278126       3.55574322      -4.44819498    
  -1.50626600       4.31590366       2.20169520    
  0.365970284       1.48919642       3.43524599    
   3.53373289      -3.15475869      -4.11004543    
  -2.65447521      0.907428980       2.69894624    
   4.31626129      -3.39313102       4.33796406    
  -9.61126760E-02   3.20611620       2.15339518    
   2.52579570       1.87333167      -2.94559145    
   2.92522502       1.06727946      -1.15328944    
  0.278407425      -2.26368213      -1.61395776    
  -1.49366224       1.57842171      0.416833550    
  -4.24565601      -1.54898071      0.555594444    
  -1.17172849      -3.71733618      -2.72939515    
   3.76470113       4.32419920      -3.23288512    
  0.645319700      -2.56526613      -3.89267802    
   3.97117175E-02  -4.04772139      -1.75559402    
  -1.99450743      -3.25478101      -3.19054151    
   3.30852723      -3.95380354      0.132438913    
   4.49314308      0.843518853      -3.72398257    
   2.70957160       1.68526804       2.12541747    
   1.47413468      -2.89803600     -0.286287218    
   2.46271706      -3.20880103       3.87333345    
   1.63943493      -3.05036783      -4.03686333    
  0.341915697      -1.91531205      -2.67150950    
 -0.230330974      -2.02559042       1.44384825    
 -0.540990889      0.783870816       3.05723310    
   2.68938255     -0.185948983      -1.20404482    
   2.29101062       2.97320819     -0.383612245    
  0.650612235      -1.88786018     -0.414556354    
  -1.06452429      -1.70074284      -2.16520691    
 -0.681954920      -3.83185782E-02   1.90137208    
 -0.417977780       4.30151701     -0.482327223    
  0.911037087      -3.75516534      -1.14177573    
   3.55324769       1.09891129       1.49503338    
   2.17711806      -3.53109431      -3.38352990    
   3.79873037     -0.545608580       3.92610693    
   2.50924158      -2.54746747      -3.18779135    
   3.05657005       3.34773612      -2.84335113    
   1.76524782     -0.822516084      -1.90280163    
 -0.883690357      -1.61531281       1.54061973    
  0.804533482      0.789897203      0.732696414    
  0.405148238       4.49415445       3.72245741    
   1.54533231      -1.17233741      0.782972276    
 -0.979695737       1.80553722      0.838529408    
  -1.91379869      -3.67768121       2.67851901    
  -3.57255363      -2.69058585      -1.77660751    
   3.98615527      0.974314153      -3.55243111    
  -1.76786613       1.09980500       3.60520530    
  -1.31335080       1.18470240      -4.11177921    
  0.610087812       4.24318218      -4.14268064    
 -0.891160846     -0.865731359      0.727752566    
  0.106741741      -1.72566164     -0.743571162    
  -2.72043872       1.24632454     -0.802225173    
   2.44936776       4.00218821     -0.586403370    
  -1.21788347      -3.14033389       1.43850958    
   3.10873199       2.66431737       3.47328568    
  -4.49160147       1.91747820      -1.53326297    
  -2.75319719       3.58414459       4.21755075    
   3.91827321       3.02021265       3.17897320    
  -3.49015307       1.82058442       1.37554801    
   4.01854944      -4.43471432       1.93134892    
  0.982611835       1.28086603     -0.560419202    
  -3.88591409      0.811800659     -0.539082229    
  -4.19738770      0.977507591       1.01164782    
   3.97929788     -0.936262727      -2.68329287    
   3.94109082       3.68773580       1.46774566    
   4.23109913       2.61362886      0.400142163    
   3.14075232      -4.07185173      0.503278494    
  -1.05462003       4.39310026       4.39952040    
  -3.65729761       4.16919899      -3.23427176    
   4.11783600      -2.92816424      0.231495053    
  -3.92013264      -1.48006880      -2.59260464    
   1.21146762     -0.548186719     -0.869860888    
  -1.14986050      -4.21981001      -1.01988590    
   1.35104656      -2.57864857       2.29684830    
 -0.442851543      -1.04824603       3.08446336    
  -4.45983934       4.20151986E-02  -4.10021782    
   3.85628247       1.00170374      0.959840953    
   1.31846952      0.326818079      -2.18031168    
   2.80211473       1.87226522       2.65544772    
  -1.02219212      0.364331990       2.43200970    
  -3.19328380      -3.72509408     -0.623703241    
   2.73177171       1.60887706       2.83858633    
  -3.08059621     -0.684364080      -3.65062690    
 -0.284420937       1.66667330     -0.657220662    
  -1.21299911     -0.176498488      -1.37509573    
 -0.633853257       2.82139611       4.21460629    
   3.11585808       1.58102560      -3.71055484    
   3.14758921      -4.19217587      -4.33723640    
 -0.562609494       4.34445143       3.95342422    
   2.12811303       2.10302901      -7.10270479E-02
   3.47565770      -2.00057077       1.60667229    
  0.647915542      -1.74460018     -0.533147573    
  0.387312621       1.61429036      -1.44668984    
  -2.77737665       1.10207844       1.24478281    
  -3.12339520       1.64250505     -0.742525101    
 -0.527396381      -1.90258873      0.177770391    
   2.26967525      -1.71676040       1.00546527    
  -2.79390240     -0.125408843     -0.611289442    
  -4.37463331      -1.39640272     -0.128678456    
  -2.94448328       3.43136048     -0.815357804    
  -4.00157166     -0.602067471      -2.67948365    
  -1.39688170       4.30394268      -1.34028602    
  0.925609529      -3.67990327      -2.88317657    
  -1.97573793     -0.734248877      -3.78166723    
   2.95480323      -2.74394679       2.76429343    
  -2.68798089      -4.82212938E-02 -0.284278780    
   2.95471215       1.09132814     -0.271178871    
  -1.84135866      0.741627097      -1.73189723    
   1.76167190       3.56270790       4.49840069    
  0.633940160     -0.589633822       1.33287024    
  -2.59423542     -0.473127246      -2.34164715    
  -2.47136998      0.784466803       2.53296733    
  -2.17823291       4.17217650E-02   1.48671317    
  -1.23523998       1.81460047      -2.70335317    
  -3.13614964       4.11733198       1.52004337    
   3.08228445      -2.90269065       1.44064522    
  -2.05997419       2.05145764       2.73470068    
   2.15324426      -1.31894803      -2.88659000    
  -2.83164215       3.82127643       1.62929034    
  -1.77052426      -2.85151410       2.44475985    
 -0.156654432       3.78815985      -2.74894857    
  0.272190064     -0.335603923       1.98907173    
  -1.22662318       4.10226011      -1.43320048    
 -0.918613791     -0.457162201      -3.22939134    
  0.706887126     -0.799402416       1.62225544    
  -3.35136032       3.73554087       2.66659927    
   3.71739411       3.38178682     -0.762416363    
  -1.68589890       2.45200610      -1.46263123    
   1.13280809      -1.46956801       4.25997353    
  0.434729278       1.86824679       1.97902465    
   1.82189548      0.284886569       2.71969700    
   2.87374043      -3.92302132      -3.95784402    
  0.734789610       2.64990211      -4.43829775    
  -2.66328835      -1.76397693       4.01071405    
 -0.786817491     -0.353996366      -1.82944489    
  -2.94768214       1.48144805      -1.73012376    
  -2.25577450     -0.588492274       3.57163787    
   2.79271197       1.40444446       2.39919591    
  -4.30326366      0.710818708      -1.69028759    
   1.53967714      -2.05599713      -3.51571393    
   2.94539738       3.62689734       3.73426890    
   2.92124629      -3.71981287       4.02190685    
   2.55607796     -0.928860903     -0.539203465    
   1.00023878      -4.19467163       3.94973445    
   1.13575363       1.76600361      -1.66117370    
   2.89431405      -1.99853885      -4.46116734    
   1.73525858      -2.54235244       2.93566298    
  -4.34536362      -3.19501019      0.205384806    
  -3.18667388       3.24957275       2.38399220    
   3.35925627     -0.923404217       4.41096449    
 -0.551783025      0.908908486      -3.79546618    
   1.47491956      -4.47562933       4.17856407    
  -2.72347713       3.27386594      -3.32423520    
   2.76889300      -1.64895892       2.77494073    
   3.62742472      -3.77495790       2.22844434    
  -4.03503323      -4.11257839      -2.56289077    
   1.75099456      -4.34061575      -1.01139784    
   3.26972318       2.45799971       2.90422392    
  -3.56958938      -1.81293046      -3.59513354    
   1.25428689      0.458034456      0.310671180    
   1.84111571       4.32478714      -4.32104635    
 -0.966820598     -0.966501415     -0.398329526    
   3.96805286       1.17077899      -1.77232993    
  -3.68319917       1.44252813     -0.147539213    
  -1.78073382       2.24395227      -2.51230049    
  -3.82104540       1.35538316      -1.90513682    
  -2.26086688      -2.60759497       3.01462674    
  -3.99115109      0.973169386      -2.13097763    
 -0.226211101       3.40350366       1.70431447    
   5.88814691E-02 -0.348010212      -3.84757710    
   3.32110882      -2.50140381      0.170091227    
   2.79778290      -2.05464053       1.33187735    
  0.917975962      -1.51125002      -3.55829406    
  0.493139744       2.16239977       1.67284989    
  -3.93136191       4.38219118     -0.164767042    
  -2.26553512      -1.22668433       3.77748847    
 -0.172009543       4.17135191      -2.66589975    
   3.69909549     -0.292487949      -4.40908480    
  -3.57322264       3.28795457       1.74164271    
  -4.45342636      0.954553783       4.03169680    
  -2.08743858       2.39763594       4.19726276    
   4.05886030     -0.174494877      -2.97212553    
   2.94521165      -3.16589093       3.46308351    
  -2.11271715       4.02826405      -2.38410640    
  -1.90788233       1.81034589       3.05152321    
   1.66080415      -7.29292724E-03  -2.68767238    
   2.13863921      -1.42775929       3.93147397    
 -0.339485079      -2.38664174      0.203172520    
  -3.86626625     -0.736397326       3.77796841    
  -3.84949756     -0.568004489     -0.674461901    
   3.97619247       2.53002453      -1.30442977    
  0.514034688       3.12844944      -3.40526748    
  -3.59803796       1.35117686       3.44981790    
  -3.30378819      -4.10229158      -3.38245583    
  -1.83450294      -3.42583418       1.52285814    
  -3.81245804       2.29787827      -4.16432524    
   1.51782787      -4.36445618      -2.98213243    
   1.35223424      -1.42092073       1.44555366    
 -0.315790981     -0.877422571      0.541474223    
 -0.586193085      -1.20209920       2.97154570    
  -4.13281870       3.47455859      -1.64779484    
   4.25664568     -0.366066843       2.80512357    
 -0.858501196       1.11791635      -2.69750595    
  -1.62483943      -3.84157825       3.96187472    
   1.80139160      -3.70865703      -3.79643822    
   4.26057529      0.701456189      0.487031281    
   1.21225297       2.90965748      -2.38889098    
   1.38114953      -1.73933661       1.89837337    
  -9.14740656E-03 -0.447345853      -2.14246988    
   3.68712521     -0.521108747       2.39410615    
 -0.719726861      0.837141633     -0.670626879    
  -3.94079208      -1.35505378      -4.24014235    
  -2.54037666       3.38408232       9.22529772E-02
   3.75608015      -1.84957755       3.44355273    
  -1.82494199       1.44174862       1.67976463    
   2.83890510      -1.64335847      -3.71834040    
   3.97625613      -5.85311726E-02  -4.27997208    
  -2.95964050      -3.81070805       3.58769369    
   2.95167971      -3.65500808     -0.352480918    
  -1.38547540      -6.18361905E-02   3.18851233    
   2.09653974      -1.40111423       4.33576250    
   2.53375602      -1.67168212      -3.21780086    
  -3.54425693      -4.37269926       2.72141290    
  0.578204930       2.55321121       3.46423578    
  -2.50704503     -0.675542295      -4.15885019    
  -4.45028210     -0.160016850       3.81168127    
  -1.56839883      -2.94693160      -2.80401278    
   2.20531511      0.629758060       4.22682571    
   4.18746996      -1.43675542       1.33199000    
   1.17370534      -4.00264215      -3.75511885    
 -0.802355528       4.48498535      -4.33790159    
  -3.32972360       3.63881397     -0.313408643    
   2.00249124       2.26627374       3.42102003    
   3.25043583     -0.696616948       3.05012894    
  -2.83498907       3.19851422       3.85183811    
   6.95550535E-03  -3.03152156      -3.21661258    
  -1.18211937       2.01648116       3.78053212    
  -3.56745219       1.24400067       1.54890561    
   2.03564072       2.91435289      -1.76716876    
   1.61199057      -2.30638885     -0.271360725    
   4.46088409       1.30754864      -3.61541104    
  -3.54460979       2.32876658       2.11288309    
  -1.32624626     -0.557414591     -0.942475259    
   1.58440626      -2.32352757      -4.11757803    
  0.357194096       3.15968823      0.903147638    
   3.67227077      -3.38788676       4.31332874    
  -3.93939304     -0.407858878      0.524128914    
   1.82374942      -1.57317042      -1.29272461    
 -0.530248642      -4.21838951      0.857837081    
   3.05637312      -1.03756976       1.32680523    
  -3.96362305      -4.41783333       4.08453274    
  -2.91962123       1.48101783      -1.33402419    
   4.10977697      -3.25973678      0.860362649    
   1.77139544       1.78496206     -0.474600315    
   1.37645829       2.26287532       1.52231896    
  -3.66930962      -3.32446098       2.04019880    
   2.08165026      -2.48808932      0.562495232    
  -3.70784330       3.59715271       3.01230121    
   3.32889199      0.993346035       2.04078197    
  -5.79287484E-02  -2.62434649       7.67943338E-02
  -2.96580529      0.143129125      -1.38671935    
 -0.725516677      -4.31222296       2.50683951    
  -1.62585008       4.34315300     -0.211352736    
 -0.639956355      -1.42521877E-02  -2.38086319    
  -3.37747884       3.70019889      0.360450834    
 -0.357854992      0.509390712       1.05003178    
   4.49531889     -0.826748610     -0.252300948    
  -1.89026392       4.17847967      -1.47797775    
  -2.73551440      -2.02992439       3.27881312    
   4.27506304     -0.562588573      -2.97858596    
   2.76270771       3.56357574      -2.64809322    
   3.64592338      -1.84748435     -0.518271506    
   1.85973024       1.44015861     -0.933730721    
   1.76983702      -2.32331419      -3.40090346    
  -3.42504764       2.90518308       1.98941016    
  -4.33751106      -3.85258317       1.61349046    
   4.23624563       1.46778750       2.56159949    
  -3.80293822      -2.96266007     -0.497777283    
  -3.75114965       2.78317142       9.05218795E-02
  -1.36039245      0.822948456       3.64014792    
  -2.62188530       3.18319774      -2.73135281    
  -3.33821321       3.31107473       4.00088167    
  -3.87146330      0.919509649      -3.58886313    
  -3.07586598     -0.972127080      -4.32706118    
   4.17990828       3.82819986       1.95003593    
   3.14184451       2.49212646      -2.94725227    
   2.76412654      0.740483403      -4.18182087    
   3.06377888       3.25382352      -2.01433444    
  0.962789237       4.39079428       2.58018231    
   4.16664696       3.61697054       1.56918144    
   1.05888736      0.272463650      -1.59861982    
   6.39272407E-02  -3.43290186     -0.108685806    
   1.66878211     -0.746751189      -2.79311371    
   3.56968260      0.764440894      -1.17938197    
  -2.39332247      0.716184735       3.42777658    
   2.48384976      0.867268801      -3.99498081    
  -2.27888227      -3.15809703       1.71042991    
   1.45885205       3.24254584       1.74327886    
   3.32476258      -2.72932434      -1.99718380    
  -3.96965361       2.13477302      -3.65396023    
  -2.24041677      -1.10719931       1.16157258    
   1.09042323      0.284462780      -2.59938812    
   2.71493125      -2.92651200      -3.64127946    
  -3.14716911     -0.814652383       4.36783123    
   3.32121444      -1.08975852      0.593502104    
  -4.14621687      -3.11175704       2.35970426    
   4.31560659       1.11669600       1.70188546    
 -0.201072350      0.634543121      -2.09661698    
   1.87097728      0.140084282       3.77254128    
  -3.63668323      -2.08843470       1.83068025    
  0.822334766      0.570258081       1.73626602    
  0.622747838      -4.28487062      0.933814406    
   2.97700882       3.89352179       4.10623693    
   2.77525878      -3.74522686       3.43878341    
 -0.306070119       4.32405186      -1.74292159    
 -0.392038673      -3.54265881      0.648487926    
   3.41281748      -3.69335079       3.07183886    
   3.29842925      -4.22930241       2.54539990    
 -0.170924857     -0.672255516     -0.209661320    
   1.35713136       2.36343145       4.13477278    
  0.141447917      -3.58965063       4.05659199    
 -0.678313553      -1.04278931E-02  0.998414338    
  -3.95368552       2.60753822      -1.99732864    
  -1.31951129      -4.09188795      -3.47956944    
   2.27639580     -0.412000746      -1.21329093    
  -1.84266388     -0.753575265       2.16358590    
  -1.88096583       1.75397015      -1.33371842    
   1.51242161       9.59141925E-02  -4.39069939    
  -2.58365417      -2.98132610       3.48659205    
  0.877012730     -0.885071695       2.44081211    
  -1.56157899       2.42578697      0.980107725    
   3.92827463      -2.09028387       3.52535748    
   4.29375315       2.77463818       2.69142866    
  0.396217555       3.17679048       1.26502216    
  -4.08707905       1.30528057      -2.53494263    
   2.02251244     -0.126448467       2.96735978    
   1.28685105       2.04879260      -1.32762980    
   4.29748011      -2.77065039     -0.189692810    
   2.77613926       1.08380568       3.14551425    
  -3.18886733      -3.14430785     -0.367500752    
   3.01398563       1.60270154      -2.36744022    
   2.75533485       1.61083889      0.809692442    
 -0.325822443     -0.599600911      0.527182877    
  -1.91205370       4.13848257     -0.187875882    
   2.17404103       3.66397142      0.356167883    
   1.78494489      -1.72463429      -4.08850622    
  -2.27865648      -2.72969723      -1.09478390    
  -3.28030324      -1.27519095      0.536535740    
  -2.27450705      -1.61184633      0.583486736    
  0.935195208     -0.221169084       2.17017651    
  -2.19751954      -2.38111782      -1.06539547    
   1.30908287       1.97701466      -2.26022100    
  -1.65720677       1.13709319       3.26500034    
   1.44522476      -4.11963177      -2.46444178    
   2.14213848       2.18589330      0.306625336    
  -2.04671240      -2.00128007      -2.99853516    
   1.72842431      -2.96666026      0.758827031    
   4.00220299       1.07044339      -2.36661577    
   2.31298971       1.99174583      -2.43061209    
  -1.55336666       3.32364035       2.67079806    
  -4.02083254      -1.77079082      -1.14228749    
  0.963414729     -0.955809593      0.228909403    
   1.88294685      -3.24099708      -1.12801981    
   4.46952152      -1.52583158       1.64949107    
   3.54062843      -3.69711161     -0.824715495    
   3.91284657      -7.59252980E-02  -4.42045641    
  -1.39392543      -3.47697306      -3.93192887    
   3.27098703       7.39066675E-02   2.71679807    
 -0.794093251      -2.37744212      -2.57781172    
   3.88297701      -2.75505590       3.38837647    
   3.64333010       2.62653947       3.72766590    
  -4.49445486       1.70326567      -2.73886395    
   2.37056279      0.939145565      -1.06457150    
   2.75310969       1.81785774      -2.51163363    
  -1.64056468      0.858715773       1.98984849    
   1.76382887      -1.62884128       2.97495365    
   3.88121533      -1.47970569      -1.46994781    
   1.05291307      -1.81948256      -1.39191210    
  -2.29741263      -2.70600271      -2.01606750    
  -3.97495151      -4.13991594       1.51288509    
  -1.21148586       3.74652767      -4.43633747    
   2.49128580      0.940812290      -3.87040067    
  -2.32429433      -1.44726384       3.53485632    
  -2.51274037      -7.99807981E-02  -3.27690220    
  -3.01148486      -1.08397567       4.48243999    
   3.83449221       3.59123516      -2.82759690    
   3.23123598       2.49777532      -2.90959954    
  -1.77259493       3.80213952      -2.88329887    
   3.54125333       3.67267251       3.37345099    
   3.02037644      -3.65867734      -3.85102606    
   3.93638611       2.85785961      -4.48056698    
   3.94088483      -4.40901232     -0.788614035    
  -2.12516809      0.506097496       1.21668875    
   2.73372173     -0.745620906      0.706501961    
 -0.355246812       2.32467074E-02   2.56187677    
  -3.24624515      -3.97850704      -3.04663420    
   1.41958284     -0.267674297      -3.49910092    
   2.45511842      -2.66332698      -3.92579627    
  0.416882902       1.58501184      -1.23188889    
  -1.82174528       1.12749302      -3.26317000    
  -3.92509580       3.20072317       1.81686532    
  -3.93718600      -3.72064805      -4.40880060    
  -1.63354862      -2.28622079      -3.46072388    
   3.73737550       2.16065645     -0.429458737    
  -4.47939396      0.434847832      -4.48353720    
   4.32440758     -0.387430638       3.44878054    
   2.60091424      0.809455872      -3.36587596    
  -3.67690778      -2.44265318      -2.91402459    
   4.02077103       4.00733232      -2.29873705    
   1.14070666      0.192937210       1.25007689    
   1.42601538      -1.68821096       2.97675133    
   3.40971828      -1.92619431      -3.03743744    
  -4.26606941       2.97359967       3.62578702    
   1.47521079       2.47498775       2.83062720    
   3.29210615      -4.46988249     -0.175938442    
  -3.10720110       2.92591333      0.700517952    
  -1.17012775      -4.06998873       3.08872485    
   2.74124694      -3.32543302      -1.90632236    
   2.72510648      -1.10326886       2.85775232    
 -0.810546458      -1.31896996      -2.52851486    
  -3.83120012      -2.27653813       2.29380512    
  -2.56817842       2.52427387     -0.877366245    
  0.194021359       3.06543684     -0.319626540    
   2.23431420       3.88146162      -2.20680976    
  -3.58141303      -6.53858259E-02 -0.947241008    
   2.64876366     -0.485741675       2.01715922    
  -3.53496361      0.252633005      -2.31535983    
   2.01111627      -1.47333813      0.696100354    
  -2.48226666       1.03752470       2.01857448    
   3.86540747       1.49032235      -1.54624104    
   1.02959716      0.512154996     -0.893232584    
   1.70708466      -1.57651842       1.15531933    
   4.45264292      0.433134973      -2.09302282    
  -3.27124500      -2.33608627       3.74424767    
  -1.37607849       4.27862740      -7.21943472E-03
   2.54622817      -3.18616056     -0.887126803    
   3.69494224      -2.75170040      -4.12859249    
  0.430929124      -1.13635015      0.268576592    
   2.02938795       4.10878849       2.43375134    
 -0.144995406       1.82654965       1.62678409    
  -3.49057078       2.10409236       2.27865219    
 -0.751160741      0.576401949      0.215938777    
   2.31713390       1.15565026      -2.20467997    
  -2.93360162       4.09494019       3.41777992    
  0.124581113      0.297239751       3.74808168    
   4.42443228       2.36608148     -0.658077359    
   4.26429272       3.58190751       3.34145498    
  -1.82270443       3.65625405      -3.07170582    
  -4.14519262      -1.87696075      -2.02661037    
  -4.22170877      0.791577339       4.12693644    
  0.479789317       2.75487256       3.59980607    
   3.24755573      -3.03422308      -1.03172898    
  0.945521176      -2.50463843      -3.36799002    
  -4.25269556       2.69291449       2.94558454    
   2.80543113       1.86026502       2.29289794    
  -3.92598200      -2.73064089      0.540974796    
 -0.911118090      -2.78063726       1.88060260    
  -2.02410984       3.42354250       1.23272789    
   1.09205663      -1.33932316      -3.91294575    
   2.95165873       1.01574087     -0.590017915    
  -2.18222499      -2.08415771       2.31624860E-02
   2.35058355     -0.767902553      -2.61552310    
  -2.37543654       1.59376824      -2.05558395    
   2.99002934       3.89589405       1.99114823    
  -4.02798748       2.75775361      0.742604494    
  -3.04316711      -1.33801687      -3.81482840    
  0.675579309       1.11732364      -4.27417469    
  -1.98487616      -1.85571921       1.03085351    
   4.16419744     -0.922562003      -3.29338288    
  -2.57880855      -3.06736922      -4.06735325    
  -1.75842261      -3.13389492      -1.88834727    
   1.33891594       6.23130873E-02  -1.28190243    
 -0.898524046       2.74246454       1.14432764    
   1.22067342E-02  -3.70188284       1.39327204    
   1.91990340       5.83021119E-02   1.30968845    
   4.41364050      0.406529576      -2.38913870    
  -4.49108410      -3.64187813       4.49081326    
  -2.25747728     -0.474405587       1.80225158    
  -2.29616594     -0.205861166       3.57307673    
  0.507093668       1.52203357       2.43424821    
   4.38145590       3.97022772      -2.74377251    
   1.58507359       1.67743707       1.19956183    
  -4.11585617      0.991030753       2.33321142    
  -1.25452292       2.17131066       3.20286036    
  -2.90260530      -3.22729802      0.985126674    
 -0.352964252       3.70761418       2.56393576    
  -2.23621416       2.35283828       1.71985197    
  -1.72586381     -0.726212978      0.139977530    
   2.98021078       2.53201628      0.398665339    
  -2.95081210      -2.16553473     -0.807312250    
  0.539955556      0.494975984      -2.02136445    
  -3.52147532      -3.51690006      -3.04425931    
   2.28878069      -1.82688332       2.11159825    
   3.31505251      -4.21003723       1.72655797    
  -2.87706113      -2.08907509      -3.51682377    
   2.50446510       1.70846868      -3.11340022    
 -0.365341574      -2.92494988      -2.85992599    
  -1.29593897       1.97410598E-04 -0.892333508    
  0.436973214       4.44072104     -0.185666814    
  -1.85574126       4.30956650      -1.86006606    
   4.07702971      -3.53211713       2.00479579    
  -1.42264915      -4.43070221       2.75540566    
  0.772751451      -2.19241595      -1.72025049    
   2.11338830       2.24249482       2.05750227    
  -1.85523748      -3.61232233      0.105562106    
   5.29891923E-02 -0.709364414     -0.934392154    
 -0.914747655      -1.92503822       1.02256060    
   2.99603105     -0.989926755       1.06489503    
   1.70887423       4.16845798      -2.08850813    
 -0.854049265       1.90885162       2.04046774    
