 Longitud reducida:   10.0000010    
 Concentración reducida y numero de particulas:   1.39999998            1400
 Temperatura reducida:   7.00000003E-02
 Numero de configuraciones a guardar:        5000
 # de configuracion || E. Potencial normalizada || Presion del sistema
        1000  -6.17787600       4.49342966    
        2000  -6.17899275       4.45573521    
        3000  -6.18183041       4.50158405    
        4000  -6.18046045       4.43407965    
        5000  -6.18327618       4.49861813    
        6000  -6.19808674       4.51029015    
        7000  -6.18253088       4.48296452    
        8000  -6.20122337       4.49160194    
        9000  -6.16795492       4.47740555    
       10000  -6.19494915       4.48109722    
       11000  -6.18318129       4.52451420    
       12000  -6.18519878       4.49152708    
       13000  -6.16792154       4.49490881    
       14000  -6.17761183       4.47593880    
       15000  -6.17077303       4.46804190    
       16000  -6.18561029       4.47859478    
       17000  -6.18420124       4.49221992    
       18000  -6.17612171       4.46336985    
       19000  -6.17053032       4.46382713    
       20000  -6.17009068       4.44628763    
       21000  -6.20095634       4.51906538    
       22000  -6.16509533       4.48281002    
       23000  -6.16573572       4.46313810    
       24000  -6.17016888       4.45279741    
       25000  -6.18063402       4.46915913    
       26000  -6.18027401       4.47699451    
       27000  -6.18474865       4.48735571    
       28000  -6.16115952       4.54212856    
       29000  -6.18830347       4.51554918    
       30000  -6.16013861       4.49916887    
       31000  -6.20371103       4.53712559    
       32000  -6.15961266       4.42819118    
       33000  -6.21427250       4.48331547    
       34000  -6.20075274       4.55295992    
       35000  -6.19118786       4.48001957    
 Hay        1400 particulas dentro de la celda inicial
 La nueva concentracion reducida es   1.39999962    
 # de particulas
 INICIAL || CALCULADO
        1400 ||   1377.28198    
