 Longitud reducida:   10.0000010    
 Concentración reducida y numero de particulas:   1.60000002            1600
 Temperatura reducida:   7.00000003E-02
 Numero de configuraciones a guardar:        5000
 # de configuracion || E. Potencial normalizada || Presion del sistema
        1000  -6.18780231       5.92175245    
        2000  -6.13881636       5.82816124    
        3000  -6.18635607       5.86302042    
        4000  -6.15860558       5.85135174    
        5000  -6.16986561       5.84849310    
        6000  -6.18379927       5.88334656    
        7000  -6.17282391       5.86471605    
        8000  -6.16618347       5.88253260    
        9000  -6.17524004       5.86899328    
       10000  -6.16853762       5.86833572    
       11000  -6.18303394       5.88774395    
       12000  -6.17745113       5.84844255    
       13000  -6.16669512       5.88863134    
       14000  -6.20132208       5.93348932    
       15000  -6.17104244       5.89434910    
       16000  -6.18711710       5.87846565    
       17000  -6.13637829       5.84377480    
       18000  -6.16578102       5.83645725    
       19000  -6.17201042       5.93114233    
       20000  -6.20141792       5.90628672    
       21000  -6.16421032       5.87603951    
       22000  -6.17767191       5.87358284    
       23000  -6.18620682       5.85440540    
       24000  -6.17516851       5.83701181    
       25000  -6.19614983       5.88641882    
       26000  -6.18220091       5.90635395    
       27000  -6.18948126       5.92537022    
       28000  -6.18771935       5.91676188    
       29000  -6.18903494       5.88914824    
       30000  -6.18896770       5.93154478    
       31000  -6.20016718       5.95333147    
       32000  -6.15508223       5.82428312    
       33000  -6.18474960       5.87527895    
       34000  -6.16641855       5.82475567    
       35000  -6.13240719       5.81304121    
 Hay        1600 particulas dentro de la celda inicial
 La nueva concentracion reducida es   1.59999955    
 # de particulas
 INICIAL || CALCULADO
        1600 ||   1574.29370    
