   3.99999991E-02   3.88345979E-02  0.970864952    
   7.99999982E-02   7.55996332E-02  0.944995463    
  0.119999997      0.110323906      0.919365883    
  0.159999996      0.143239796      0.895248771    
  0.199999988      0.174834222      0.874171138    
  0.239999995      0.205164343      0.854851425    
  0.280000001      0.234344229      0.836943686    
  0.319999993      0.262495846      0.820299506    
  0.359999985      0.289741695      0.804838061    
  0.399999976      0.316205472      0.790513754    
  0.439999998      0.341741025      0.776684165    
  0.479999989      0.366582364      0.763713300    
  0.519999981      0.390704453      0.751354754    
  0.560000002      0.414144576      0.739543855    
  0.599999964      0.437021852      0.728369772    
  0.639999986      0.459340304      0.717719257    
  0.680000007      0.481229812      0.707690895    
  0.719999969      0.502574742      0.698020518    
  0.759999990      0.523521066      0.688843489    
  0.799999952      0.544152796      0.680191040    
  0.839999974      0.564544439      0.672076762    
  0.879999995      0.584574223      0.664288878    
  0.919999957      0.604306161      0.656854570    
  0.959999979      0.623897374      0.649893105    
   1.00000000      0.643238008      0.643238008    
   1.03999996      0.662298083      0.636825085    
   1.07999992      0.681058586      0.630609870    
   1.12000000      0.699595809      0.624639094    
   1.15999997      0.718021810      0.618984342    
   1.19999993      0.736142635      0.613452256    
   1.24000001      0.754029751      0.608088493    
   1.27999997      0.771794558      0.602964520    
   1.31999993      0.789225638      0.597898245    
   1.36000001      0.806348562      0.592903376    
   1.39999998      0.823324800      0.588089168    
   1.43999994      0.840170681      0.583451867    
   1.48000002      0.857009470      0.579060435    
   1.51999998      0.873712599      0.574810922    
   1.55999994      0.890143454      0.570604801    
   1.59999990      0.906393170      0.566495776    
   1.63999999      0.922324896      0.562393248    
   1.67999995      0.938171566      0.558435500    
   1.71999991      0.954008996      0.554656446    
   1.75999999      0.969693601      0.550962269    
   1.79999995      0.985250533      0.547361434    
   1.83999991       1.00062394      0.543817401    
   1.88000000       1.01589286      0.540368557    
   1.91999996       1.03106117      0.537011027    
   1.95999992       1.04604709      0.533697546    
   2.00000000       1.06073976      0.530369878    
   2.03999996       1.07560098      0.527255416    
   2.07999992       1.09033191      0.524198055    
   2.11999989       1.10477138      0.521118581    
   2.15999985       1.11930668      0.518197596    
   2.20000005       1.13375270      0.515342116    
   2.24000001       1.14828515      0.512627304    
   2.27999997       1.16259587      0.509910464    
   2.31999993       1.17671049      0.507202804    
   2.35999990       1.19072759      0.504545629    
   2.39999986       1.20438945      0.501828969    
   2.44000006       1.21800947      0.499184191    
   2.48000002       1.23147058      0.496560723    
   2.51999998       1.24503589      0.494061857    
   2.55999994       1.25879788      0.491717935    
   2.59999990       1.27254987      0.489442289    
   2.63999987       1.28612745      0.487169504    
   2.67999983       1.29982293      0.485008597    
   2.72000003       1.31340015      0.482867688    
   2.75999999       1.32688451      0.480755270    
   2.79999995       1.34033096      0.478689641    
   2.83999991       1.35359001      0.476616204    
   2.87999988       1.36674249      0.474563390    
   2.91999984       1.37984943      0.472551197    
   2.96000004       1.39294088      0.470588118    
   3.00000000       1.40588129      0.468627095    
   3.03999996       1.41888499      0.466738492    
   3.07999992       1.43196297      0.464923054    
   3.11999989       1.44514132      0.463186324    
   3.15999985       1.45819473      0.461454064    
   3.19999981       1.47121584      0.459754974    
   3.24000001       1.48410881      0.458058268    
   3.27999997       1.49683166      0.456351131    
   3.31999993       1.50958025      0.454692870    
   3.35999990       1.52247167      0.453116596    
   3.39999986       1.53541350      0.451592237    
   3.43999982       1.54842520      0.450123638    
   3.48000002       1.56134188      0.448661447    
   3.51999998       1.57423139      0.447224826    
   3.55999994       1.58721960      0.445848197    
   3.59999990       1.60014987      0.444486082    
   3.63999987       1.61311436      0.443163306    
   3.67999983       1.62619197      0.441900015    
   3.72000003       1.63904583      0.440603703    
   3.75999999       1.65182066      0.439314008    
   3.79999995       1.66473281      0.438087583    
   3.83999991       1.67752910      0.436856538    
   3.87999988       1.69019294      0.435616761    
   3.91999984       1.70256865      0.434328765    
   3.95999980       1.71485376      0.433043897    
   4.00000000       1.72718251      0.431795627    
   4.03999996       1.73946679      0.430561095    
   4.07999992       1.75180757      0.429364622    
   4.11999989       1.76413763      0.428188741    
   4.15999985       1.77647460      0.427037179    
   4.19999981       1.78891981      0.425933301    
   4.23999977       1.80107331      0.424781471    
   4.27999973       1.81323862      0.423653901    
   4.31999969       1.82549500      0.422568321    
   4.36000013       1.83766186      0.421482056    
   4.40000010       1.84970009      0.420386374    
   4.44000006       1.86175859      0.419314981    
   4.48000002       1.87391412      0.418284386    
   4.51999998       1.88594759      0.417245030    
   4.55999994       1.89787412      0.416200459    
   4.59999990       1.90989363      0.415194273    
   4.63999987       1.92190611      0.414203912    
   4.67999983       1.93362260      0.413167238    
   4.71999979       1.94537401      0.412155539    
   4.75999975       1.95733583      0.411205024    
   4.79999971       1.96942568      0.410297036    
   4.83999968       1.98162234      0.409426123    
   4.88000011       1.99394166      0.408594608    
   4.92000008       2.00616336      0.407756776    
   4.96000004       2.01827860      0.406911016    
   5.00000000       2.03042889      0.406085789    
   5.03999996       2.04235864      0.405229896    
   5.07999992       2.05441308      0.404412031    
   5.11999989       2.06633306      0.403580695    
   5.15999985       2.07828259      0.402767956    
   5.19999981       2.09030843      0.401982397    
   5.23999977       2.10228658      0.401199758    
   5.27999973       2.11417794      0.400412500    
   5.31999969       2.12586379      0.399598479    
   5.35999966       2.13771725      0.398827881    
   5.40000010       2.14969826      0.398092270    
   5.44000006       2.16165614      0.397363245    
   5.48000002       2.17371392      0.396663129    
   5.51999998       2.18581390      0.395980775    
   5.55999994       2.19791913      0.395309210    
   5.59999990       2.20991015      0.394626826    
   5.63999987       2.22173524      0.393924683    
   5.67999983       2.23360276      0.393239945    
   5.71999979       2.24539709      0.392551959    
   5.75999975       2.25688529      0.391820371    
   5.79999971       2.26811099      0.391053647    
   5.83999968       2.27931595      0.390293837    
   5.87999964       2.29055810      0.389550716    
   5.92000008       2.30178070      0.388814300    
   5.96000004       2.31297421      0.388082922    
   6.00000000       2.32444787      0.387407988    
   6.03999996       2.33596945      0.386749923    
   6.07999992       2.34737015      0.386080623    
   6.11999989       2.35866833      0.385403335    
   6.15999985       2.36987329      0.384719700    
   6.19999981       2.38125086      0.384072721    
   6.23999977       2.39262891      0.383434147    
   6.27999973       2.40385675      0.382779747    
   6.31999969       2.41527367      0.382163584    
   6.35999966       2.42677402      0.381568253    
   6.39999962       2.43815374      0.380961537    
   6.44000006       2.44957304      0.380368471    
   6.48000002       2.46102834      0.379788309    
   6.51999998       2.47252226      0.379221201    
   6.55999994       2.48398304      0.378655940    
   6.59999990       2.49540377      0.378091484    
   6.63999987       2.50673294      0.377520025    
   6.67999983       2.51804757      0.376953244    
   6.71999979       2.52935839      0.376392633    
   6.75999975       2.54085279      0.375865817    
   6.79999971       2.55239749      0.375352591    
   6.83999968       2.56402922      0.374858081    
   6.87999964       2.57556796      0.374355823    
   6.92000008       2.58727336      0.373883426    
   6.96000004       2.59893346      0.373409986    
   7.00000000       2.61077619      0.372968018    
   7.03999996       2.62242961      0.372504205    
   7.07999992       2.63386130      0.372014314    
   7.11999989       2.64546514      0.371554106    
   7.15999985       2.65702844      0.371093363    
   7.19999981       2.66848874      0.370623440    
   7.23999977       2.67969561      0.370123714    
   7.27999973       2.69060302      0.369588345    
   7.31999969       2.70132184      0.369033068    
   7.35999966       2.71220684      0.368506372    
   7.39999962       2.72346902      0.368036360    
   7.44000006       2.73437119      0.367523015    
   7.48000002       2.74531627      0.367020905    
   7.51999998       2.75633740      0.366534233    
   7.55999994       2.76752496      0.366074741    
   7.59999990       2.77860928      0.365606487    
   7.63999987       2.79002953      0.365187109    
   7.67999983       2.80141521      0.364767611    
   7.71999979       2.81292796      0.364368916    
   7.75999975       2.82460427      0.363995403    
   7.79999971       2.83653855      0.363658816    
   7.83999968       2.84859776      0.363341570    
   7.87999964       2.86069512      0.363032401    
   7.91999960       2.87257290      0.362698615    
   7.96000004       2.88461566      0.362388909    
   8.00000000       2.89716697      0.362145871    
   8.03999996       2.90964961      0.361896724    
   8.07999992       2.92201781      0.361635864    
   8.11999989       2.93434691      0.361372769    
   8.15999985       2.94673491      0.361119479    
   8.19999981       2.95910645      0.360866636    
   8.23999977       2.97161937      0.360633433    
   8.27999973       2.98378181      0.360360146    
   8.31999969       2.99608684      0.360106617    
   8.35999966       3.00839806      0.359856248    
   8.39999962       3.02069736      0.359606832    
   8.43999958       3.03313541      0.359376252    
   8.47999954       3.04590392      0.359186798    
   8.51999950       3.05848145      0.358976722    
   8.55999947       3.07086968      0.358746469    
   8.59999943       3.08330584      0.358523965    
   8.63999939       3.09579492      0.358309627    
   8.67999935       3.10800719      0.358065367    
   8.72000027       3.12052608      0.357858479    
   8.76000023       3.13284230      0.357630402    
   8.80000019       3.14514375      0.357402682    
   8.84000015       3.15774155      0.357210577    
   8.88000011       3.17030883      0.357016742    
   8.92000008       3.18293357      0.356831104    
   8.96000004       3.19525433      0.356613219    
   9.00000000       3.20781922      0.356424361    
   9.03999996       3.22032738      0.356230915    
   9.07999992       3.23266006      0.356019825    
   9.11999989       3.24500585      0.355812043    
   9.15999985       3.25749135      0.355621338    
   9.19999981       3.26998830      0.355433524    
   9.23999977       3.28270102      0.355270684    
   9.27999973       3.29516721      0.355082691    
   9.31999969       3.30759382      0.354892045    
   9.35999966       3.31994343      0.354694813    
   9.39999962       3.33256197      0.354527891    
   9.43999958       3.34506869      0.354350507    
   9.47999954       3.35731030      0.354146659    
   9.51999950       3.36954713      0.353944033    
   9.55999947       3.38197303      0.353762895    
   9.59999943       3.39434385      0.353577495    
   9.63999939       3.40685868      0.353408605    
   9.67999935       3.41947389      0.353251457    
   9.71999931       3.43232465      0.353119850    
   9.76000023       3.44512725      0.352984339    
   9.80000019       3.45834684      0.352892518    
   9.84000015       3.47179198      0.352824390    
   9.88000011       3.48487091      0.352719724    
   9.92000008       3.49788785      0.352609664    
   9.96000004       3.51113129      0.352523208    
   10.0000000       3.52350879      0.352350891    
   10.0400000       3.53609276      0.352200478    
   10.0799999       3.54881334      0.352064818    
   10.1199999       3.56178355      0.351954907    
   10.1599998       3.57455015      0.351825804    
   10.1999998       3.58693552      0.351660341    
   10.2399998       3.59930992      0.351495117    
   10.2799997       3.61175323      0.351337880    
   10.3199997       3.62424302      0.351186335    
   10.3599997       3.63705325      0.351066917    
   10.3999996       3.64999056      0.350960642    
   10.4399996       3.66242313      0.350806832    
   10.4799995       3.67496371      0.350664496    
   10.5199995       3.68733501      0.350507140    
   10.5599995       3.70002866      0.350381523    
   10.5999994       3.71268249      0.350253075    
   10.6399994       3.72603798      0.350191563    
   10.6799994       3.73935437      0.350126833    
   10.7199993       3.75247693      0.350044519    
   10.7600002       3.76523304      0.349928707    
   10.8000002       3.77840424      0.349852234    
   10.8400002       3.79171968      0.349789619    
   10.8800001       3.80510640      0.349734038    
   10.9200001       3.81830525      0.349661648    
   10.9600000       3.83145285      0.349585116    
   11.0000000       3.84455252      0.349504769    
   11.0400000       3.85728121      0.349391401    
   11.0799999       3.86990833      0.349269718    
   11.1199999       3.88311410      0.349200904    
   11.1599998       3.89570284      0.349077314    
   11.1999998       3.90833712      0.348958671    
   11.2399998       3.92069983      0.348816723    
   11.2799997       3.93324637      0.348692060    
   11.3199997       3.94562578      0.348553538    
   11.3599997       3.95772934      0.348391682    
   11.3999996       3.96976209      0.348224759    
   11.4399996       3.98180676      0.348060042    
   11.4799995       3.99429560      0.347935170    
   11.5199995       4.00724506      0.347851157    
   11.5599995       4.02092457      0.347830862    
   11.5999994       4.03432846      0.347786963    
   11.6399994       4.04699707      0.347680181    
   11.6799994       4.05981827      0.347587198    
   11.7199993       4.07194948      0.347435981    
   11.7599993       4.08486700      0.347352654    
   11.8000002       4.09747219      0.347243398    
   11.8400002       4.10997200      0.347126007    
   11.8800001       4.12200451      0.346970081    
   11.9200001       4.13381720      0.346796751    
   11.9600000       4.14592791      0.346649498    
   12.0000000       4.15779924      0.346483260    
   12.0400000       4.16986561      0.346334368    
   12.0799999       4.18182039      0.346177191    
   12.1199999       4.19373703      0.346017897    
   12.1599998       4.20509386      0.345813632    
   12.1999998       4.21615648      0.345586598    
   12.2399998       4.22725391      0.345363885    
   12.2799997       4.23833704      0.345141470    
   12.3199997       4.24935532      0.344915211    
   12.3599997       4.26025343      0.344680697    
   12.3999996       4.27090645      0.344427943    
   12.4399996       4.28190422      0.344204545    
   12.4799995       4.29227400      0.343932211    
   12.5199995       4.30315781      0.343702704    
   12.5599995       4.31367064      0.343445122    
   12.5999994       4.32494926      0.343249947    
   12.6399994       4.33612442      0.343047827    
   12.6799994       4.34875536      0.342961788    
   12.7199993       4.36114883      0.342857629    
   12.7599993       4.37375307      0.342770636    
   12.7999992       4.38691616      0.342727840    
   12.8400002       4.40043926      0.342713326    
   12.8800001       4.41364908      0.342674613    
   12.9200001       4.42781687      0.342710286    
   12.9600000       4.44350100      0.342862725    
   13.0000000       4.46012831      0.343086779    
   13.0400000       4.47520304      0.343190432    
   13.0799999       4.48951769      0.343235314    
   13.1199999       4.50527954      0.343390226    
   13.1599998       4.52267075      0.343667984    
   13.1999998       4.53834486      0.343814015    
   13.2399998       4.55215025      0.343818009    
   13.2799997       4.56490946      0.343743175    
   13.3199997       4.57866859      0.343743891    
   13.3599997       4.59189844      0.343704969    
   13.3999996       4.60498285      0.343655437    
   13.4399996       4.61813402      0.343611181    
   13.4799995       4.63076305      0.343528420    
   13.5199995       4.64225817      0.343362302    
   13.5599995       4.65600252      0.343363017    
   13.5999994       4.67042589      0.343413681    
   13.6399994       4.68364429      0.343375683    
   13.6799994       4.69526577      0.343221188    
   13.7199993       4.70992804      0.343289226    
   13.7599993       4.72582245      0.343446404    
   13.7999992       4.74156618      0.343591779    
   13.8400002       4.76139688      0.344031572    
   13.8800001       4.78234243      0.344549149    
   13.9200001       4.80051899      0.344864875    
   13.9600000       4.79741001      0.343654007    
