  -1390.54138    
         500  -4.76715565    
        1000  -4.81051016    
        1500  -4.83020020    
        2000  -4.83020353    
        2500  -4.81444550    
        3000  -4.83807659    
        3500  -4.90900087    
        4000  -5.03900290    
        4500  -5.00354385    
        5000  -4.90503788    
        5500  -4.83804893    
        6000  -4.80259371    
        6500  -4.71592379    
        7000  -4.87351847    
        7500  -4.77896595    
        8000  -4.73166609    
        8500  -4.99562979    
        9000  -4.88138008    
        9500  -4.91684246    
       10000  -4.80258799    
       10500  -4.86953449    
       11000  -4.84590006    
       11500  -4.76316452    
       12000  -4.80256701    
       12500  -4.92471266    
       13000  -4.71984243    
       13500  -4.99168730    
       14000  -4.82226324    
       14500  -4.86167336    
       15000  -4.90502977    
       15500  -4.91684961    
       16000  -4.88927460    
       16500  -4.76320601    
       17000  -4.85775280    
       17500  -4.80654192    
       18000  -4.75925493    
       18500  -4.81440973    
       19000  -4.75137138    
       19500  -4.92079258    
       20000  -4.81048059    
 =======================================================
 n*, phi, GR1, GRL+, GRL-, p
  0.699999988      0.366519123       2.81387091      0.615746200       2.41066909      -1.00010037E-02
 El numero  de parti­culas es         343
 El numero de parti­culas calculado es   970.330627    
 =======================================================
 ==================================================
 La concentración reducida es   0.699999988    
 La longitud de la celda es de   7.88373566    
 Las partículas dentro de la caja son         343
 ==================================================
