  -1390.54138    
         500  -5.62208843    
        1000  -5.62996435    
        1500  -5.52359343    
        2000  -5.55513382    
        2500  -5.57089663    
        3000  -5.49209023    
        3500  -5.52359962    
        4000  -5.57481003    
        4500  -5.56695271    
        5000  -5.54330349    
        5500  -5.54328632    
        6000  -5.65360260    
        6500  -5.64571571    
        7000  -5.66935587    
        7500  -5.64964771    
        8000  -5.62602186    
        8500  -5.55513525    
        9000  -5.64575529    
        9500  -5.64968395    
       10000  -5.62604761    
       10500  -5.66150045    
       11000  -5.56301117    
       11500  -5.62605858    
       12000  -5.44878483    
       12500  -5.54334021    
       13000  -5.46454144    
       13500  -5.60638285    
       14000  -5.53150606    
       14500  -5.59847927    
       15000  -5.62211323    
       15500  -5.59060764    
       16000  -5.50393200    
       16500  -5.54726028    
       17000  -5.49209833    
       17500  -5.50392199    
       18000  -5.63392973    
       18500  -5.61422777    
       19000  -5.60633802    
       19500  -5.49207926    
       20000  -5.48814201    
 =======================================================
 n*, phi, GR1, GRL+, GRL-, p
  0.800000012      0.418879032       2.96851730      0.584053397       2.32418370      0.223388433    
 El numero  de parti­culas es         343
 El numero de parti­culas calculado es   1002.74457    
 =======================================================
 ==================================================
 La concentración reducida es   0.800000012    
 La longitud de la celda es de   7.54052210    
 Las partículas dentro de la caja son         343
 ==================================================
